STARLINK-31             
1 44235U 19029A   19292.87957568  .00001339  00000-0  11127-3 0  9998
2 44235  53.0034 224.4940 0002089  91.6712 268.4515 15.05496900 23684
STARLINK-22             
1 44236U 19029B   19292.85172291  .00001127  00000-0  97847-4 0  9998
2 44236  53.0013 225.2056 0001702 201.9797 158.1118 15.05017218 23673
STARLINK-23             
1 44237U 19029C   19292.75344004  .00001184  00000-0  10056-3 0  9990
2 44237  52.9999 224.9030 0000893  76.6745 283.4343 15.05507125 21764
STARLINK-24             
1 44238U 19029D   19292.33188929  .00000592  00000-0  59940-4 0  9995
2 44238  52.9982 226.1080 0001698  93.1325 266.9858 15.05489930 22422
STARLINK-25             
1 44239U 19029E   19293.06878727  .00000866  00000-0  78767-4 0  9991
2 44239  53.0072 223.8410 0001960  93.7998 266.3214 15.05488239 22522
STARLINK-26             
1 44240U 19029F   19292.28429228  .00003417  00000-0  25392-3 0  9994
2 44240  53.0048 225.3579 0001919  97.2006 262.9200 15.05524140 21712
STARLINK-27             
1 44241U 19029G   19292.34518516  .00001303  00000-0  10881-3 0  9990
2 44241  53.0058 226.9841 0001255  75.6119 284.5009 15.05503360 21696
STARLINK-28             
1 44242U 19029H   19292.32745955  .00001244  00000-0  10477-3 0  9993
2 44242  52.9987 226.1884 0000929  45.5828 314.5236 15.05478425 22482
STARLINK-29             
1 44243U 19029J   19292.89157909  .00001124  00000-0  36775-4 0  9999
2 44243  53.0024 189.6205 0007527  28.1365 332.0043 15.40870630 23048
STARLINK-30             
1 44244U 19029K   19292.89727584  .00001284  00000-0  10747-3 0  9999
2 44244  53.0019 224.1091 0001199  92.2513 267.8613 15.05507916 21789
STARLINK-21             
1 44245U 19029L   19292.34961567  .00001253  00000-0  10547-3 0  9995
2 44245  52.9988 226.7959 0002154  87.4105 272.7130 15.05458554 22478
STARLINK-46             
1 44246U 19029M   19292.12088552  .00006366  00000-0  71978-4 0  9992
2 44246  52.9992 175.3042 0027528  12.5120 347.6570 15.63565146 22935
STARLINK-33             
1 44247U 19029N   19292.89838621  .00000782  00000-0  72986-4 0  9993
2 44247  53.0022 224.0741 0002254  95.0727 265.0518 15.05492759 21780
STARLINK-34             
1 44248U 19029P   19292.33330221  .00001293  00000-0  10878-3 0  9995
2 44248  52.9986 226.0387 0002675  49.3104 310.8116 15.05274588 22438
STARLINK-61             
1 44249U 19029Q   19292.88480650  .00000181  00000-0  28015-4 0  9996
2 44249  53.0014 219.2581 0000958 327.5772  32.5160 15.11201680 21703
STARLINK-36             
1 44250U 19029R   19292.29318253  .00001257  00000-0  10564-3 0  9996
2 44250  53.0011 226.9194 0001562  97.4154 262.7011 15.05501798 21546
STARLINK-37             
1 44251U 19029S   19292.99466958  .00000387  00000-0  45892-4 0  9996
2 44251  52.9834 222.9492 0002998 147.8686 212.2485 15.05486224 22529
STARLINK-71             
1 44252U 19029T   19292.33966230  .00001325  00000-0  11030-3 0  9992
2 44252  53.0007 225.8713 0001106  94.3986 265.7129 15.05500491 21543
STARLINK-39             
1 44253U 19029U   19293.07764603  .00001334  00000-0  11095-3 0  9996
2 44253  53.0057 223.6631 0002018  75.5456 284.5756 15.05508915 22589
STARLINK-32             
1 44254U 19029V   19292.28986150  .00000008  00000-0  19744-4 0  9999
2 44254  52.9997 226.9783 0002073  93.8475 266.2750 15.05478275 22429
STARLINK-66             
1 44255U 19029W   19292.31196341  .00001338  00000-0  11115-3 0  9999
2 44255  53.0031 226.5670 0001580  82.3806 277.7361 15.05516274 21544
STARLINK-42             
1 44256U 19029X   19292.35042873 -.00000234  00000-0  31586-5 0  9995
2 44256  52.9990 226.2757 0001919  62.0364 298.0818 15.05592572 22404
STARLINK-43             
1 44257U 19029Y   19292.86127304  .00008353  00000-0  30994-3 0  9994
2 44257  52.9998 203.6197 0001745  75.3364 284.7827 15.28436775 21929
STARLINK-40             
1 44258U 19029Z   19292.75568387  .00001234  00000-0  10406-3 0  9990
2 44258  53.0007 224.8747 0001055  61.9852 298.1243 15.05501223 21608
STARLINK-52             
1 44259U 19029AA  19292.74708984  .00001140  00000-0  37427-4 0  9998
2 44259  53.0026 191.5797 0001541  98.1248 261.9930 15.40548185 22885
STARLINK-45             
1 44260U 19029AB  19293.14844534  .00001158  00000-0  98801-4 0  9999
2 44260  53.0105 221.7894 0000991  22.6832 337.4200 15.05506637 22671
STARLINK-44             
1 44261U 19029AC  19292.88955891  .00001334  00000-0  11100-3 0  9991
2 44261  53.0006 224.2528 0001661  80.4558 279.6617 15.05480108 22578
STARLINK-49             
1 44262U 19029AD  19292.34408210  .00001152  00000-0  98435-4 0  9996
2 44262  53.0055 227.0022 0001618  88.9748 271.1425 15.05489611 22492
STARLINK-72             
1 44263U 19029AE  19293.11855175  .00000896  00000-0  80862-4 0  9998
2 44263  53.0022 223.2711 0001476  86.4363 273.6793 15.05474172 22590
STARLINK-35             
1 44264U 19029AF  19292.89506079  .00000422  00000-0  48229-4 0  9995
2 44264  53.0018 224.1586 0001570  67.9273 292.1882 15.05478944 21635
STARLINK-63             
1 44265U 19029AG  19292.85081596  .00001346  00000-0  11175-3 0  9999
2 44265  53.0008 223.9896 0000966  69.8627 290.2465 15.05503833 22585
STARLINK-54             
1 44266U 19029AH  19292.92716633  .00001373  00000-0  11365-3 0  9996
2 44266  52.9955 223.4243 0002124 107.1832 252.9388 15.05488336 21788
STARLINK-69             
1 44267U 19029AJ  19292.90905347  .00000069  00000-0  23926-4 0  9995
2 44267  52.9967 223.6408 0003447  84.4835 275.6546 15.05596926 22566
STARLINK-55             
1 44268U 19029AK  19292.79771734  .00001332  00000-0  11079-3 0  9993
2 44268  52.9984 224.3361 0001731  91.9876 268.1311 15.05497571 21623
STARLINK-57             
1 44269U 19029AL  19293.12190374  .00001400  00000-0  11551-3 0  9998
2 44269  52.9990 222.7576 0002015  95.3393 264.7825 15.05492317 22636
STARLINK-58             
1 44270U 19029AM  19293.11545315  .00000249  00000-0  36268-4 0  9991
2 44270  52.9999 222.7561 0001865  64.6891 295.4290 15.05574116 22629
STARLINK-59             
1 44271U 19029AN  19292.32413628  .00001338  00000-0  11120-3 0  9994
2 44271  52.9993 226.2865 0001317  72.2141 287.8991 15.05502925 21705
STARLINK-51             
1 44272U 19029AP  19293.02897337  .00001263  00000-0  10609-3 0  9994
2 44272  53.0001 223.5183 0001758 104.0109 256.1074 15.05491367 22572
STARLINK-60             
1 44273U 19029AQ  19292.86725458  .00008232  00000-0  17216-3 0  9994
2 44273  52.9998 186.5922 0006885  34.3064 325.8385 15.46400833 23085
STARLINK-62             
1 44274U 19029AR  19292.31863385  .00001322  00000-0  11011-3 0  9997
2 44274  53.0014 225.8829 0001268  65.3850 294.7270 15.05493417 21717
STARLINK-64             
1 44275U 19029AS  19292.38079719  .00000387  00000-0  45150-4 0  9997
2 44275  53.0018 226.0988 0003544 288.1518  71.9084 15.06174508 22476
STARLINK-65             
1 44276U 19029AT  19293.10418610  .00000722  00000-0  68874-4 0  9997
2 44276  53.0031 223.0756 0001154  63.2608 296.8498 15.05483916 22606
STARLINK-41             
1 44277U 19029AU  19292.37889253  .00000261  00000-0  36441-4 0  9994
2 44277  53.0037 226.2387 0002876  88.9236 271.2082 15.06440402 22498
STARLINK-67             
1 44278U 19029AV  19293.05595280  .00027880  00000-0  12661-3 0  9998
2 44278  52.9952 159.4120 0027202  77.4550 282.9512 15.83139702 23454
STARLINK-68             
1 44279U 19029AW  19292.31641789  .00001321  00000-0  11005-3 0  9996
2 44279  53.0015 225.8384 0001362  93.4194 266.6950 15.05495041 21715
STARLINK-38             
1 44280U 19029AX  19292.90390389  .00001298  00000-0  10846-3 0  9995
2 44280  53.0028 223.9419 0001998  75.0088 285.1121 15.05512497 21791
STARLINK-70             
1 44281U 19029AY  19293.17833310  .00001388  00000-0  11469-3 0  9994
2 44281  53.0016 222.5996 0001702  86.2882 273.8300 15.05497793 22563
STARLINK-80             
1 44282U 19029AZ  19292.87766069  .00003096  00000-0  14274-3 0  9992
2 44282  53.0217 208.9708 0001616 140.2646 219.8469 15.23281986 21187
STARLINK-56             
1 44283U 19029BA  19292.90171646  .00001303  00000-0  10879-3 0  9994
2 44283  53.0029 224.0351 0000931  56.5199 303.5878 15.05507956 21771
STARLINK-73             
1 44284U 19029BB  19292.96919004  .00001417  00000-0  11670-3 0  9995
2 44284  53.0025 223.7092 0001924  83.3746 276.7460 15.05489143 22579
STARLINK-50             
1 44285U 19029BC  19292.89949300  .00001227  00000-0  10363-3 0  9997
2 44285  53.0010 224.0515 0002112 103.6191 256.5032 15.05496674 21621
STARLINK-75             
1 44286U 19029BD  19292.88580557  .00000114  00000-0  25691-4 0  9997
2 44286  53.0026 222.4238 0002746  69.2964 290.8319 15.08140568 21801
STARLINK-76             
1 44287U 19029BE  19293.08429852  .00002173  00000-0  16868-3 0  9993
2 44287  52.9988 223.4441 0001963  95.9876 264.1336 15.05482136 23657
STARLINK-79             
1 44288U 19029BF  19292.34073028  .00001348  00000-0  11200-3 0  9990
2 44288  53.0062 227.0780 0001620  88.7410 271.3763 15.05473835 23552
STARLINK-48             
1 44289U 19029BG  19293.15073729 -.00000821  00000-0 -23310-4 0  9992
2 44289  53.0016 210.4019 0001471 110.1242 249.9911 15.19451600 23838
STARLINK-78             
1 44290U 19029BH  19292.87292223  .00001444  00000-0  11852-3 0  9991
2 44290  53.0060 224.5886 0001881  96.2158 263.9044 15.05499653 23638
STARLINK-77             
1 44291U 19029BJ  19292.33744704  .00001256  00000-0  10558-3 0  9992
2 44291  53.0068 227.1544 0001699 102.1548 257.9630 15.05500665 21700
STARLINK-81             
1 44292U 19029BK  19293.06545104  .00001262  00000-0  10606-3 0  9998
2 44292  53.0076 223.9165 0002376 104.8346 255.2906 15.05476681 23654
STARLINK-74             
1 44293U 19029BL  19293.07655176  .00001295  00000-0  10825-3 0  9990
2 44293  53.0061 223.7293 0001855  89.8508 270.2692 15.05501105 23651
STARLINK-53             
1 44294U 19029BM  19292.92383315  .00001278  00000-0  10715-3 0  9996
2 44294  52.9991 223.5306 0001489  73.5288 286.5864 15.05486113 21800
TDRS 3                  
1 19548U 88091B   19292.87305207 -.00000296  00000-0  00000-0 0  9996
2 19548  14.2904 359.6004 0036584 312.8808 340.7506  1.00280590101015
FLTSATCOM 8 (USA 46)    
1 20253U 89077A   19292.75605128 -.00000076  00000-0  00000-0 0  9994
2 20253  13.0559   7.4303 0002537 215.1530 149.5448  1.00274201236258
SKYNET 4C               
1 20776U 90079A   19292.86305280  .00000130  00000-0  00000+0 0  9995
2 20776  13.9844   8.0016 0003519 219.4311 144.7349  1.00273638106556
TDRS 5                  
1 21639U 91054B   19292.76152446  .00000090  00000-0  00000+0 0  9996
2 21639  14.4182  12.8758 0020489   0.2777 121.4104  1.00278034103316
TDRS 6                  
1 22314U 93003B   19292.87161692 -.00000290  00000-0  00000-0 0  9992
2 22314  14.0922  15.9659 0001021 247.7900  31.9643  1.00280689 98052
UFO 2 (USA 95)          
1 22787U 93056A   19293.04259113  .00000131  00000-0  00000+0 0  9992
2 22787  11.2058  16.8876 0005311 162.5111 252.9559  1.00277470 94275
USA 99 (MILSTAR-1 1)    
1 22988U 94009A   19292.70506852 -.00000259  00000-0  00000-0 0  9994
2 22988  13.7393  53.8529 0003189 169.7997  19.3074  1.00271292  8576
ASTRA 1D                
1 23331U 94070A   19292.37238163 -.00000263  00000-0  00000+0 0  9999
2 23331   8.7758  43.6342 0003499 167.8094 237.1733  1.00270096 91776
UFO 4 (USA 108)         
1 23467U 95003A   19292.69510914 -.00000019  00000-0  00000-0 0  9998
2 23467   9.9130  22.1674 0002442 136.9672 291.1706  1.00271287 90580
AMSC 1                  
1 23553U 95019A   19292.43125475 -.00000093  00000-0  00000+0 0  9998
2 23553  11.0269  32.9470 0000816  94.0490 309.4490  1.00273378 89776
TDRS 7                  
1 23613U 95035B   19292.72975628 -.00000197  00000-0  00000+0 0  9993
2 23613  14.2342   6.6670 0026483  22.7999 345.8912  1.00276354 88768
USA 113                 
1 23628U 95038A   19292.91040329 -.00000334  00000-0  00000+0 0  9997
2 23628  11.2138  31.8241 0001894 201.3458 226.5052  1.00275329  7225
USA 115 (MILSTAR-1 2)   
1 23712U 95060A   19293.17056609 -.00000196  00000-0  00000+0 0  9999
2 23712  13.0837  21.9482 0001606 185.4061 152.4012  1.00274513  7255
INMARSAT 3-F1           
1 23839U 96020A   19292.91234861  .00000007  00000-0  00000-0 0  9996
2 23839   5.6028  63.4929 0005569 143.9531 213.5989  1.00273232 85923
ASTRA 1F                
1 23842U 96021A   19292.84979883  .00000139  00000-0  00000-0 0  9999
2 23842   0.0682  68.7337 0004711 140.0318 169.5214  1.00271299 27942
MSAT M1                 
1 23846U 96022A   19292.86160644 -.00000083  00000-0  00000-0 0  9992
2 23846   8.9570  43.0120 0003771 158.1126  29.6008  1.00271919 86027
INMARSAT 3-F2           
1 24307U 96053A   19292.87387006 -.00000143  00000-0  00000-0 0  9990
2 24307   4.3871  73.2709 0004017 133.9410 222.9518  0.99978825 84594
AMC-1 (GE-1)            
1 24315U 96054A   19290.29418866  .00000072  00000-0  00000+0 0  9992
2 24315   3.3865  80.3080 0002929 121.6815 158.5617  1.00273838 84600
INMARSAT 3-F3           
1 24674U 96070A   19292.69436848  .00000038  00000-0  00000-0 0  9997
2 24674   5.1138  67.5197 0005287 139.1675 249.2686  1.00272057 83587
AMC-2 (GE-2)            
1 24713U 97002A   19292.89285427 -.00000210  00000-0  00000-0 0  9997
2 24713   5.9131  61.6079 0005119 155.9324  47.1208  1.00270416 83196
INTELSAT 26 (IS-26)     
1 24732U 97007A   19292.86889760  .00000021  00000-0  00000+0 0  9998
2 24732   8.7006  44.4070 0003419 186.3602 172.2987  1.00273688 82891
USA 130 (DSP 18)        
1 24737U 97008A   19292.96507660  .00000035  00000-0  00000+0 0  9996
2 24737  13.4431  21.8456 0001453 294.3577  67.3507  1.00279807  7220
GALAXY 25 (G-25)        
1 24812U 97026A   19292.83869052  .00000156  00000-0  00000-0 0  9997
2 24812   1.3568  92.3155 0003280 114.0950 156.4187  1.00273241 81988
INTELSAT 5 (IS-5)       
1 24916U 97046A   19292.65433295  .00000094  00000-0  00000-0 0  9991
2 24916   5.2207  66.8389 0003244 136.6245 282.9524  1.00273156 81231
AMC-3 (GE-3)            
1 24936U 97050A   19292.88729977 -.00000259  00000-0  00000-0 0  9992
2 24936   2.2425  87.4630 0003056 137.5397  50.5177  1.00270922 28040
NSS-5                   
1 24957U 97053A   19293.10700058  .00000108  00000-0  00000+0 0  9994
2 24957   5.4873  65.0252 0004033 146.6383 265.6631  1.00273308 80851
USA 134                 
1 25019U 97065A   19292.50314135 -.00000057  00000-0  00000-0 0  9992
2 25019   9.9383  37.6652 0005636 257.0201 162.3911  1.00272782  8568
ASTRA 1G                
1 25071U 97076A   19292.91234861  .00000020  00000-0  00000-0 0  9993
2 25071   4.0941  74.5352 0003759 137.9116 207.3674  1.00273924 80165
INMARSAT 3-F5           
1 25153U 98006B   19292.77389767 -.00000286  00000-0  00000-0 0  9993
2 25153   4.3019  71.3540 0005036 136.7618  44.4627  1.00274764 79500
UFO 8 (USA 138)         
1 25258U 98016A   19292.69480819 -.00000020  00000-0  00000-0 0  9997
2 25258   8.4208  33.7507 0002795 198.0634 217.7426  1.00273809 79460
INTELSAT 805 (IS-805)   
1 25371U 98037A   19293.10556865 -.00000029  00000-0  00000+0 0  9996
2 25371   1.8888  89.5844 0003429 127.5112  18.3389  1.00272997 78170
ASTRA 2A                
1 25462U 98050A   19292.87639990 -.00000304  00000-0  00000-0 0  9993
2 25462   1.0548  95.7220 0002579 110.3579 237.5207  1.00269112 21970
JCSAT-4A                
1 25630U 99006A   19292.81454963 -.00000201  00000-0  00000+0 0  9996
2 25630   4.0758  75.4481 0003478 156.3311 239.4721  1.00270219 75612
SKYNET 4E               
1 25639U 99009B   19293.11058941 -.00000029  00000-0  00000+0 0  9996
2 25639  10.7407  22.5446 0003194 196.0326 208.2839  1.00272724 75631
ASIASAT 3S              
1 25657U 99013A   19292.81402622 -.00000222  00000-0  00000+0 0  9991
2 25657   4.2712  73.8561 0002675 139.2133 255.5163  1.00271280 75432
NIMIQ 1                 
1 25740U 99027A   19292.89285427 -.00000198  00000-0  00000-0 0  9992
2 25740   0.5252  95.8466 0005201 118.0323  49.1246  1.00270952 74663
ASTRA 1H                
1 25785U 99033A   19290.40004659 -.00000098  00000-0  00000+0 0  9997
2 25785   5.5029  65.1899 0005873 146.4048 239.5907  0.99197639 74377
ABS-7                   
1 25894U 99046A   19292.90257918 -.00000362  00000-0  00000-0 0  9992
2 25894   0.4026  96.7275 0003565 133.3079 239.1306  1.00270848 72747
ABS-6                   
1 25924U 99053A   19292.87479815 -.00000120  00000-0  00000-0 0  9994
2 25924   0.0336  76.0484 0002003 114.1894 311.7607  1.00271543 73499
TELSTAR 12 (ORION 2)    
1 25949U 99059A   19292.61931559 -.00000061  00000-0  00000+0 0  9990
2 25949   2.7547  85.7022 0004891 150.9905 264.9097  1.00271660 73135
AMC-4 (GE-4)            
1 25954U 99060A   19292.47063711  .00000089  00000-0  00000+0 0  9997
2 25954   0.0126 195.4548 0002604  15.4545 211.2972  1.00270106 73098
UFO 10 (USA 146)        
1 25967U 99063A   19292.63650108 -.00000180  00000-0  00000-0 0  9998
2 25967   7.5968  36.3329 0002408 125.7052  72.2392  1.00279684 72953
GALAXY 11 (G-11)        
1 26038U 99071A   19292.89285427 -.00000162  00000-0  00000-0 0  9993
2 26038   0.6539  99.7190 0001389 170.7962 345.9152  1.00271376 72692
USA 148                 
1 26052U 00001A   19292.69204436  .00000046  00000-0  00000-0 0  9993
2 26052   8.0438  47.9957 0000450 131.8312 277.6511  1.00267502  8571
ASIASTAR                
1 26107U 00016A   19292.90257918 -.00000332  00000-0  00000-0 0  9996
2 26107   3.4786  78.4932 0004312 133.6199 245.9496  1.00273529 71546
USA 149 (DSP 20)        
1 26356U 00024A   19292.76580534  .00000102  00000-0  00000-0 0  9992
2 26356  11.3495  28.1781 0002091 253.7670 215.8944  1.00271130  8529
EUTELSAT 80A            
1 26369U 00028A   19292.86601882  .00000123  00000-0  00000-0 0  9994
2 26369   2.8438  82.5252 0004498 137.5101 167.9237  1.00273949 71042
TDRS 8                  
1 26388U 00034A   19293.02853851 -.00000229  00000-0  00000+0 0  9993
2 26388   8.8561  49.2189 0011540 294.8345 143.6657  1.00276881 70783
INTELSAT 9 (IS-9)       
1 26451U 00043A   19292.86706566  .00000115  00000-0  00000-0 0  9999
2 26451   5.2080  67.0360 0003602 144.6641 181.6794  1.00073199 19752
BRASILSAT B4            
1 26469U 00046A   19292.55092260 -.00000168  00000-0  00000+0 0  9994
2 26469   3.4500  80.0116 0002875 128.9408 285.1746  1.00271976 70240
ASTRA 2B                
1 26494U 00054A   19292.71675814  .00000121  00000-0  00000-0 0  9990
2 26494   3.9901  75.1751 0005042 129.5581 100.8063  1.00270522 22491
AMC-7 (GE-7)            
1 26495U 00054B   19293.16098549  .00000087  00000-0  00000+0 0  9995
2 26495   0.7545  94.7333 0002698 115.6053 100.9756  1.00274976 69867
NSS-11 (AAP-1)          
1 26554U 00059A   19292.81978378  .00000025  00000-0  00000-0 0  9997
2 26554   0.0605  81.8865 0002924 150.5490 266.7139  1.00272079 16911
USA 153                 
1 26575U 00065A   19292.76610774 -.00000319  00000-0  00000+0 0  9990
2 26575   7.5040  51.2054 0001668 163.8409 223.2295  1.00271867  7220
AMC-6 (GE-6)            
1 26580U 00067A   19292.89250705 -.00000216  00000-0  00000-0 0  9993
2 26580   0.0478  70.2016 0002566 139.1119  57.0995  1.00272006 69583
INTELSAT 12 (IS-12)     
1 26590U 00068A   19292.91234861  .00000014  00000-0  00000-0 0  9998
2 26590   2.3709  88.2201 0004346 143.7699 188.8087  1.00271055 27327
INTELSAT 1R (IS-1R)     
1 26608U 00072A   19292.88774058 -.00000137  00000-0  00000-0 0  9993
2 26608   2.1440  88.0947 0001037 152.0632 264.6279  1.00271817 16933
ANIK F1                 
1 26624U 00076A   19292.90396854 -.00000074  00000-0  00000-0 0  9992
2 26624   0.0385 118.4474 0002437  73.0855  54.6972  1.00270926 18752
ASTRA 2D                
1 26638U 00081A   19292.94958031  .00000032  00000-0  00000-0 0  9991
2 26638   5.3093  65.9408 0001634 144.6062 164.5872  1.00271517 28519
AMC-8 (GE-8)            
1 26639U 00081B   19292.79771549  .00000105  00000-0  00000-0 0  9993
2 26639   0.0925  92.5190 0002591 135.9774 307.6651  1.00272258 68945
SKYNET 4F               
1 26695U 01005B   19272.24587089 -.00000266  00000-0  00000+0 0  9992
2 26695   9.7424  31.2162 0002824 162.1717 228.8179  1.00267793 68288
USA 157 (MILSTAR-2 2)   
1 26715U 01009A   19293.18059854 -.00000362  00000-0  00000+0 0  9996
2 26715   9.1111  31.6607 0001420 158.1857  14.5554  1.00275816  7259
EUTELSAT 33C            
1 26719U 01011A   19292.68640003  .00000079  00000-0  00000+0 0  9993
2 26719   1.4028  90.1535 0005090 114.5435 297.4542  1.00270778 68180
INTELSAT 10 (IS-10)     
1 26766U 01019A   19292.86593159  .00000126  00000-0  00000-0 0  9996
2 26766   3.3467  80.5114 0001720 174.7530 132.0478  1.00274266 21240
INTELSAT 901 (IS-901)   
1 26824U 01024A   19292.86592687 -.00000213  00000-0  00000-0 0  9990
2 26824   1.3370  92.2048 0001207  90.6383 127.4608  1.00270330 67290
ASTRA 2C                
1 26853U 01025A   19292.85535319  .00000138  00000-0  00000+0 0  9995
2 26853   2.2679  87.2111 0003096 115.7682 156.6856  1.00271958 67193
USA 159 (DSP 21)        
1 26880U 01033A   19292.87191785 -.00000291  00000-0  00000-0 0  9993
2 26880  10.5419  31.9637 0000441  67.7331 193.0872  1.00277842  8572
INTELSAT 902 (IS-902)   
1 26900U 01039A   19292.82949861  .00000033  00000-0  00000-0 0  9996
2 26900   0.0624  99.7265 0000968 165.8657 123.0491  1.00271503 66326
EUTELSAT 12 WEST B      
1 26927U 01042A   19292.86633090 -.00000100  00000-0  00000-0 0  9993
2 26927   0.5062  94.1823 0005032 107.4913 125.7861  1.00271724 66122
DIRECTV 4S              
1 26985U 01052A   19292.84420984 -.00000278  00000-0  00000-0 0  9998
2 26985   0.1372  91.4975 0005494 303.8108 235.1181  1.00739396 26923
USA 164 (MILSTAR-2 3)   
1 27168U 02001A   19293.09717718  .00000106  00000-0  00000+0 0  9997
2 27168   8.5282  32.9059 0002638 177.8302 231.5139  1.00275093  7262
ECHOSTAR 7              
1 27378U 02006A   19293.06759045 -.00000001  00000-0  00000+0 0  9996
2 27378   0.0589  86.9214 0001591  92.7087 114.1779  1.00270400 64677
INTELSAT 904 (IS-904)   
1 27380U 02007A   19292.86592687 -.00000213  00000-0  00000-0 0  9990
2 27380   0.8878  95.6595 0002953 153.7309  60.9074  1.00270402 27370
TDRS 9                  
1 27389U 02011A   19292.84394814 -.00000282  00000-0  00000-0 0  9990
2 27389   6.9909  69.6657 0020126 254.9356 305.0639  1.00270335 66052
JCSAT 2A                
1 27399U 02015A   19292.95534841 -.00000306  00000-0  00000+0 0  9999
2 27399   2.3465  87.0515 0007210 159.4296 261.6177  1.00269581 64231
ASTRA 3A                
1 27400U 02015B   19292.77529345 -.00000280  00000-0  00000+0 0  9996
2 27400   5.4438  64.6796 0003114 149.3600  46.0535  1.00271133 64325
INTELSAT 903 (IS-903)   
1 27403U 02016A   19292.86588115 -.00000223  00000-0  00000-0 0  9998
2 27403   1.7206  90.6027 0001641  81.6933 136.0008  1.00270874 21280
NSS-7                   
1 27414U 02019A   19292.85249726 -.00000155  00000-0  00000-0 0  9998
2 27414   3.7012  78.2365 0002443 136.6404 100.0709  1.00271344 64178
DIRECTV 5 (TEMPO 1)     
1 27426U 02023A   19293.08759427 -.00000057  00000-0  00000+0 0  9996
2 27426   0.0173 230.7045 0003382 346.0639  92.9341  1.00272502 63929
INTELSAT 905 (IS-905)   
1 27438U 02027A   19291.63116588 -.00000181  00000-0  00000+0 0  9995
2 27438   0.7050  96.7860 0002802  97.3430  35.4428  1.00270891 63566
EXPRESS-A4              
1 27441U 02029A   19292.67008690 -.00000243  00000-0  00000-0 0  9990
2 27441   7.4536  51.4874 0017093  92.2535 270.8831  1.00272048 63585
GALAXY 3C (G-3C)        
1 27445U 02030A   19293.05287816 -.00000152  00000-0  00000+0 0  9996
2 27445   0.0243 282.4626 0001342  37.5797 352.2049  1.00271963 63565
EUTELSAT 5 WEST A       
1 27460U 02035A   19292.86651384 -.00000042  00000-0  00000-0 0  9990
2 27460   0.0553  88.6148 0005341 117.2681 129.1494  1.00272620 63221
N-STAR C                
1 27461U 02035B   19292.73996289 -.00000308  00000-0  00000+0 0  9997
2 27461   6.1963  60.2026 0001860  41.5390 328.5999  1.00269978 63275
METEOSAT-8 (MSG-1)      
1 27509U 02040B   19292.93650544  .00000141  00000-0  00000-0 0  9994
2 27509   6.3012  55.0702 0000712 198.2254 153.3078  1.00273374 62852
INTELSAT 906 (IS-906)   
1 27513U 02041A   19293.10010049  .00000014  00000-0  00000+0 0  9998
2 27513   0.0168 166.0283 0002181  44.5752 277.8589  1.00272707 62583
HISPASAT 30W-4          
1 27528U 02044A   19292.86591163 -.00000217  00000-0  00000-0 0  9997
2 27528   0.5043  95.2197 0006694 131.9143  82.4772  1.00271528 18586
TDRS 10                 
1 27566U 02055A   19293.10940703  .00000094  00000-0  00000+0 0  9998
2 27566   6.4896  54.6844 0003916 262.6920 299.1062  1.00272184 61830
NSS-6                   
1 27603U 02057A   19293.10424517 -.00000198  00000-0  00000+0 0  9998
2 27603   0.0645 276.3727 0006371 298.4125 124.2697  1.00272018 61703
NIMIQ 2                 
1 27632U 02062A   19292.88555969 -.00000234  00000-0  00000-0 0  9998
2 27632   3.8080  77.4835 0007959  11.8911  43.5389  1.00275020 19803
INTELSAT 907 (IS-907)   
1 27683U 03007A   19292.86597262 -.00000200  00000-0  00000+0 0  9996
2 27683   0.0118 256.7371 0002104 311.4711 104.1227  1.00287852 60998
USA 167                 
1 27691U 03008A   19292.51681206  .00000061  00000-0  00000-0 0  9995
2 27691   6.1933  60.1200 0001502 321.9330  61.4129  1.00274711  8562
USA 169 (MILSTAR-2 4)   
1 27711U 03012A   19292.62609314 -.00000003  00000-0  00000-0 0  9992
2 27711   8.7052  46.4485 0002985 155.6363 291.1431  1.00274272  8561
GALAXY 12 (G-12)        
1 27715U 03013B   19292.68718515  .00000059  00000-0  00000+0 0  9996
2 27715   0.9241  94.5510 0002518 132.3391 279.3874  1.00271841 60619
ASIASAT 4               
1 27718U 03014A   19293.09781118  .00000153  00000-0  00000+0 0  9990
2 27718   0.0150 234.9862 0001686 332.0429 254.6889  1.00269159 60530
HELLAS-SAT 2            
1 27811U 03020A   19292.89285427 -.00000150  00000-0  00000-0 0  9999
2 27811   1.3437  94.7884 0002784 115.5356  44.0073  1.00272619 18461
THURAYA-2               
1 27825U 03026A   19292.84979883  .00000131  00000-0  00000-0 0  9999
2 27825   5.6829  32.1686 0004580 168.5504 177.2421  1.00272655 59958
OPTUS C1                
1 27831U 03028B   19292.88747887 -.00000149  00000-0  00000-0 0  9999
2 27831   0.8474  97.3586 0005376 114.0424 291.9059  1.00271145 28670
ECHOSTAR 12 (RAINBOW 1) 
1 27852U 03033A   19293.10424633 -.00000200  00000-0  00000+0 0  9992
2 27852   0.0124 193.0941 0001244 337.8339 168.5229  1.00274789 59552
GALAXY 23 (G-23)        
1 27854U 03034A   19292.68875542  .00000013  00000-0  00000+0 0  9997
2 27854   0.0138 228.3895 0002986 343.7267 302.7312  1.00272483 64155
USA 170                 
1 27875U 03040A   19292.77616581 -.00000268  00000-0  00000-0 0  9997
2 27875   5.4039  65.6398 0002543 132.3895  66.7834  1.00278898  8571
GALAXY 13 (HORIZONS 1)  
1 27954U 03044A   19292.68753410  .00000049  00000-0  00000+0 0  9997
2 27954   0.0315 116.8653 0001526  47.6384 343.8747  1.00269317 58765
YAMAL 202               
1 28089U 03053A   19292.88591113 -.00000237  00000-0  00000+0 0  9999
2 28089   0.2782  96.7357 0004673  89.6351 299.6579  1.00552299 58291
UFO 11 (USA 174)        
1 28117U 03057A   19292.87142744 -.00000098  00000-0  00000-0 0  9992
2 28117   5.8297  37.0454 0003052 251.3650 128.6821  1.00272203 58061
USA 176 (DSP 22)        
1 28158U 04004A   19292.81993668 -.00000212  00000-0  00000+0 0  9990
2 28158   8.8572  40.5741 0000563 263.6746 106.2596  1.00268991  7221
ABS-4 (MOBISAT-1)       
1 28184U 04007A   19293.09979954  .00000041  00000-0  00000+0 0  9994
2 28184   0.0245 265.6166 0001849 321.4625 258.0997  1.00270958 57197
EUTELSAT 7A             
1 28187U 04008A   19292.94563095  .00000048  00000-0  00000-0 0  9994
2 28187   0.0694  27.9211 0005907 176.0875 171.5602  1.00272777 56965
DIRECTV 7S              
1 28238U 04016A   19292.68910434  .00000001  00000-0  00000+0 0  9992
2 28238   0.0109 190.9509 0003109  25.4783 300.4804  1.00271202 56667
AMC-11 (GE-11)          
1 28252U 04017A   19292.68674897  .00000070  00000-0  00000-0 0  9996
2 28252   0.0482  66.3903 0002810 145.9497 291.7828  1.00270851 56521
INTELSAT 10-02          
1 28358U 04022A   19292.86661294 -.00000011  00000-0  00000-0 0  9992
2 28358   0.0091 229.2203 0002581 340.4511 129.3937  1.00272147 56269
ANIK F2                 
1 28378U 04027A   19292.90396854 -.00000050  00000-0  00000-0 0  9994
2 28378   0.0449  65.8006 0000395 200.3984 336.2698  1.00271871 16905
AMC-15                  
1 28446U 04041A   19292.62010071 -.00000089  00000-0  00000+0 0  9990
2 28446   0.0520  67.1816 0002920 156.1329 282.7001  1.00272625 54972
AMC-16                  
1 28472U 04048A   19293.11775014 -.00000208  00000-0  00000+0 0  9999
2 28472   0.0463  69.0163 0002323 141.3822 135.3268  1.00275773 54430
NSS-10 (AMC-12)         
1 28526U 05003A   19292.84900781 -.00000250  00000-0  00000-0 0  9999
2 28526   0.4560  96.0735 0002817 118.6344  81.5348  1.00270353 28768
XTAR-EUR                
1 28542U 05005A   19292.84159235  .00000151  00000-0  00000-0 0  9998
2 28542   0.0292 103.7847 0002816 110.7172 145.5176  1.00270878 53798
XM-3 (RHYTHM)           
1 28626U 05008A   19293.11775035 -.00000207  00000-0  00000+0 0  9999
2 28626   0.0111  52.6561 0000091 184.3999 108.5630  1.00273879 53678
INMARSAT 4-F1           
1 28628U 05009A   19292.95683142 -.00000259  00000-0  00000+0 0  9997
2 28628   3.0872  24.9007 0003071 193.5729 297.6535  1.00272539 53270
APSTAR 6                
1 28638U 05012A   19292.81716670 -.00000083  00000-0  00000-0 0  9996
2 28638   1.0981  94.2938 0003230 147.2414 243.6626  1.00270546 77990
SPACEWAY 1              
1 28644U 05015A   19292.65305547  .00000105  00000-0  00000-0 0  9999
2 28644   0.5503  95.5934 0000226 108.3522 280.1216  1.00270662 22205
DIRECTV 8               
1 28659U 05019A   19293.22330858 -.00000117  00000-0  00000+0 0  9999
2 28659   0.0172 192.4271 0002987  14.4579 161.1731  1.00271332 52808
GALAXY 28 (G-28)        
1 28702U 05022A   19293.13933627 -.00000186  00000-0  00000+0 0  9991
2 28702   0.0117 248.7592 0001061 308.8060 151.8985  1.00274098 52432
EXPRESS-AM3             
1 28707U 05023A   19293.21204528 -.00000322  00000-0  00000+0 0  9999
2 28707   1.2658  92.4997 0000949  55.8422  59.4146  1.00270151 52458
THAICOM 4               
1 28786U 05028A   19293.02382860 -.00000363  00000-0  00000+0 0  9991
2 28786   0.0135 188.2992 0002481  30.1315 297.8955  1.00271523 51933
GALAXY 14 (G-14)        
1 28790U 05030A   19293.17566032  .00000036  00000-0  00000+0 0  9996
2 28790   0.0615  70.5056 0002525 139.1620 116.9418  1.00271727 51912
ANIK F1R                
1 28868U 05036A   19292.90396854 -.00000074  00000-0  00000-0 0  9995
2 28868   0.0441  62.4801 0000574 145.4606  38.2868  1.00271785 22073
GALAXY 15 (G-15)        
1 28884U 05041A   19292.68640003  .00000079  00000-0  00000-0 0  9996
2 28884   0.0119 233.6952 0001704 331.7088 296.5981  1.00275064 51365
SYRACUSE 3A             
1 28885U 05041B   19292.84979883  .00000129  00000-0  00000+0 0  9991
2 28885   0.0193 266.8829 0003338 284.8817 189.2258  1.00269192 51340
INMARSAT 4-F2           
1 28899U 05044A   19292.79745138  .00000011  00000-0  00000-0 0  9998
2 28899   2.9205  27.8932 0003271 195.9333 155.1571  1.00270961 51123
TELKOM 2                
1 28902U 05046A   19292.88774058 -.00000138  00000-0  00000-0 0  9999
2 28902   0.0241 245.2770 0000884 217.0267  42.3386  1.00271544 51053
SPACEWAY 2              
1 28903U 05046B   19292.83670757 -.00000127  00000-0  00000-0 0  9994
2 28903   0.0357  56.9950 0000395 210.8638 322.3420  1.00272307 26947
INSAT-4A                
1 28911U 05049A   19291.60130861 -.00000162  00000-0  00000+0 0  9995
2 28911   0.1666  99.4330 0013325 158.2153  68.6465  1.00270553 50686
METEOSAT-9 (MSG-2)      
1 28912U 05049B   19292.71353041  .00000020  00000-0  00000-0 0  9999
2 28912   3.9146  70.8735 0001236 136.2192  80.9771  1.00273072 50642
EUTELSAT 174A           
1 28924U 05052A   19292.86889641  .00000010  00000-0  00000-0 0  9991
2 28924   0.0698  11.8088 0006220 199.2662 303.7995  1.00271146 27952
ECHOSTAR 10             
1 28935U 06003A   19292.90396854 -.00000055  00000-0  00000-0 0  9994
2 28935   0.0596  75.7898 0001502 144.7721  22.7653  1.00272149 50092
HIMAWARI-7 (MTSAT-2)    
1 28937U 06004A   19292.96698705 -.00000243  00000-0  00000+0 0  9991
2 28937   0.0614 270.4725 0003695 298.3766 312.4727  1.00270207 49966
SPAINSAT                
1 28945U 06007A   19292.00768699 -.00000214  00000-0  00000+0 0  9996
2 28945   0.0209 224.0614 0005854 349.5509 146.3892  1.00273454 49830
EUTELSAT HOT BIRD 13E   
1 28946U 06007B   19292.86697883  .00000087  00000-0  00000-0 0  9995
2 28946   0.0279 186.3039 0007270  25.7161 141.1636  1.00272708 49919
JCSAT-5A                
1 29045U 06010A   19292.89146524 -.00000328  00000-0  00000-0 0  9993
2 29045   0.0425 108.1637 0002356 121.5040 251.4114  1.00271956 49370
ASTRA 1KR               
1 29055U 06012A   19292.86026125  .00000120  00000-0  00000-0 0  9996
2 29055   0.0391 261.0653 0005432 323.4290 132.4759  1.00273900 21349
GOES 13                 
1 29155U 06018A   19292.82135403  .00000032  00000-0  00000-0 0  9991
2 29155   0.0866  81.0220 0009072 167.6448 258.9631  0.99994518 18985
EUTELSAT 113 WEST A     
1 29162U 06020A   19293.12444723 -.00000038  00000-0  00000+0 0  9990
2 29162   0.0263 276.1415 0003068 283.3445 120.6264  1.00272285 49084
THAICOM 5               
1 29163U 06020B   19293.08742358 -.00000122  00000-0  00000+0 0  9995
2 29163   0.0520 108.3415 0007067 134.4821 255.4373  1.00271883 49142
GALAXY 16 (G-16)        
1 29236U 06023A   19292.83670757 -.00000127  00000-0  00000-0 0  9990
2 29236   0.0351  99.4759 0002751 113.2472  17.5333  1.00271129 48839
EUTELSAT HOT BIRD 13B   
1 29270U 06032A   19292.86697883  .00000087  00000-0  00000-0 0  9994
2 29270   0.0849 333.6334 0003248 264.8345 114.7114  1.00273262 22935
JCSAT-3A                
1 29272U 06033A   19292.89146524 -.00000345  00000-0  00000-0 0  9999
2 29272   0.0102 194.2566 0002077  12.2021 270.5832  1.00272299 23356
SYRACUSE 3B             
1 29273U 06033B   19292.85546328 -.00000043  00000-0  00000-0 0  9997
2 29273   0.0139 186.2518 0004022  19.4225 125.1528  1.00271296 48318
KOREASAT 5 (MUGUNGWHA 5)
1 29349U 06034A   19292.90396074 -.00000359  00000-0  00000-0 0  9999
2 29349   0.0159 232.8378 0001958 315.5481 278.2069  1.00272638 16939
DIRECTV 9S              
1 29494U 06043A   19292.83618414 -.00000113  00000-0  00000-0 0  9995
2 29494   0.0191 233.4540 0003337 347.5715   6.8486  1.00271938 27013
OPTUS D1                
1 29495U 06043B   19292.87479815 -.00000111  00000-0  00000-0 0  9998
2 29495   0.0132 225.5627 0003558 346.1074 291.3079  1.00270102 47737
XM-4 (BLUES)            
1 29520U 06049A   19292.90396854 -.00000023  00000-0  00000-0 0  9990
2 29520   0.0095 352.0422 0000166 223.5910  22.6624  1.00271593 27095
BADR-4                  
1 29526U 06051A   19292.85535319  .00000144  00000-0  00000+0 0  9996
2 29526   0.0607 328.3804 0004128 285.2318 108.3669  1.00270060 47506
WILDBLUE-1              
1 29643U 06054A   19293.06819223 -.00000050  00000-0  00000+0 0  9999
2 29643   0.0471 108.1331 0001982 116.1078  77.4101  1.00271996 47151
AMC-18                  
1 29644U 06054B   19293.06392387  .00000104  00000-0  00000+0 0  9996
2 29644   0.0148 186.9450 0000920 349.9471  95.3737  1.00265944 47164
MEASAT-3                
1 29648U 06056A   19292.87465517 -.00000243  00000-0  00000-0 0  9992
2 29648   0.0547 119.1211 0002901  62.1404 253.1953  1.00273299 26078
INSAT-4B                
1 30793U 07007A   19292.81993668 -.00000166  00000-0  00000-0 0  9993
2 30793   0.1034  96.5996 0008470 159.9297 149.7173  1.00272218 17819
SKYNET 5A               
1 30794U 07007B   19292.90866718 -.00000272  00000-0  00000-0 0  9997
2 30794   0.0693   7.0445 0003617 202.5162 240.8619  1.00273473 46319
ANIK F3                 
1 31102U 07009A   19292.86160644 -.00000001  00000-0  00000-0 0  9993
2 31102   0.0157 192.3677 0001755  31.8359 355.3311  1.00271285 22173
ASTRA 1L                
1 31306U 07016A   19292.78846608  .00000120  00000-0  00000+0 0  9999
2 31306   0.0534 301.5468 0004231 313.2016  76.3012  1.00273507 45643
GALAXY 17 (G-17)        
1 31307U 07016B   19292.89285427 -.00000174  00000-0  00000-0 0  9999
2 31307   0.0521  80.4777 0003362 125.6796  52.3715  1.00272591 45567
ZHONGXING-6B            
1 31800U 07031A   19293.15538097 -.00000362  00000-0  00000+0 0  9996
2 31800   0.0184 233.6976 0004753 349.5719 336.5463  1.00270375 45082
DIRECTV 10              
1 31862U 07032A   19293.10511399 -.00000104  00000-0  00000+0 0  9990
2 31862   0.0110  96.1489 0000576 176.7284  50.5301  1.00271895 45011
SPACEWAY 3              
1 32018U 07036A   19293.23143991 -.00000153  00000-0  00000+0 0  9995
2 32018   0.0214  44.3966 0000064 249.8753  82.5249  1.00271825 44748
BSAT-3A                 
1 32019U 07036B   19292.88749654 -.00000351  00000-0  00000-0 0  9995
2 32019   0.0406 168.1620 0004176  57.0529 232.2199  1.00270071 26124
INSAT-4CR               
1 32050U 07037A   19292.84979883  .00000125  00000-0  00000-0 0  9994
2 32050   0.7657  95.2425 0008430 154.5378 132.0593  1.00270980 26998
OPTUS D2                
1 32252U 07044A   19292.88678098 -.00000183  00000-0  00000+0 0  9998
2 32252   0.0121 214.1857 0003729 357.4516 287.6753  1.00270344 44052
INTELSAT 11 (IS-11)     
1 32253U 07044B   19293.09979897 -.00000269  00000-0  00000+0 0  9999
2 32253   0.0171 206.7448 0001451  19.4200 155.0899  1.00269996 44146
WGS F1 (USA 195)        
1 32258U 07046A   19292.86679590  .00000041  00000-0  00000-0 0  9995
2 32258   0.0169 201.9292 0000724  18.8515 125.2950  1.00273691 27983
STAR ONE C1             
1 32293U 07056A   19292.84351196 -.00000276  00000-0  00000-0 0  9993
2 32293   0.0247 108.7633 0002607 103.6050  54.3401  1.00270155 27380
SKYNET 5B               
1 32294U 07056B   19292.85535319  .00000142  00000-0  00000+0 0  9996
2 32294   0.0728 358.9660 0003867 205.2608 156.8056  1.00271678 43801
ASTRA 4A (SIRIUS 4)     
1 32299U 07057A   19293.16540666  .00000032  00000-0  00000+0 0  9996
2 32299   0.0378  56.6984 0002988 155.0816 240.9479  1.00270894 43571
HORIZONS 2              
1 32388U 07063B   19292.87334664 -.00000183  00000-0  00000-0 0  9997
2 32388   0.0138 195.0848 0002523  20.6309 211.6190  1.00271732 43465
THURAYA-3               
1 32404U 08001A   19292.78783174 -.00000300  00000-0  00000+0 0  9993
2 32404   3.7822   5.5977 0004765 198.3885 206.1260  1.00271190 43144
EXPRESS-AM33            
1 32478U 08003A   19292.92685618 -.00000281  00000-0  00000-0 0  9995
2 32478   0.0168 309.4797 0000830 338.8519 169.9478  1.00269951 43226
THOR 5                  
1 32487U 08006A   19293.14342903 -.00000010  00000-0  00000+0 0  9999
2 32487   0.0199 249.6306 0002503 330.3782 219.2199  1.00272251 42796
AMC-14                  
1 32708U 08011A   19292.73731204  .00000093  00000-0  00000+0 0  9991
2 32708  20.5790  50.6739 0035724   3.9702 256.6946  1.00273223 43709
DIRECTV 11              
1 32729U 08013A   19293.22398632 -.00000127  00000-0  00000+0 0  9994
2 32729   0.0331  51.5514 0000153 187.2038 131.1350  1.00271492 42557
ICO G1                  
1 32763U 08016A   19293.23701306 -.00000171  00000-0  00000+0 0  9991
2 32763   3.6221   8.3273 0002069 203.7209 168.8583  1.00271508 42087
VINASAT-1               
1 32767U 08018A   19292.95456329 -.00000328  00000-0  00000+0 0  9991
2 32767   0.0143  41.2789 0001712 187.7015 274.7751  1.00272496 42219
STAR ONE C2             
1 32768U 08018B   19292.84246514 -.00000265  00000-0  00000-0 0  9994
2 32768   0.0480 113.2741 0002830  95.1267  52.9440  1.00271027 42282
TIANLIAN 1-01           
1 32779U 08019A   19292.87247428 -.00000137  00000-0  00000-0 0  9993
2 32779   3.6053  73.3623 0031822 245.3872 103.4054  1.00270058 42026
AMOS-3                  
1 32794U 08022A   19292.86653671 -.00000035  00000-0  00000-0 0  9991
2 32794   0.0102 208.9298 0001704 341.7504 145.2302  1.00271642 57983
GALAXY 18 (G-18)        
1 32951U 08024A   19293.15131907  .00000024  00000-0  00000+0 0  9990
2 32951   0.0164 234.6577 0003007 333.3621 111.7901  1.00271587 41699
CHINASAT 9 (ZX 9)       
1 33051U 08028A   19293.04582552 -.00000249  00000-0  00000+0 0  9990
2 33051   0.0191 266.6893 0004323 310.4912 279.7882  1.00273289 41625
SKYNET 5C               
1 33055U 08030A   19293.14002682 -.00000140  00000-0  00000+0 0  9999
2 33055   0.0631  23.9197 0004939 192.4580 204.5572  1.00271651 41512
TURKSAT 3A              
1 33056U 08030B   19292.84979883  .00000146  00000-0  00000-0 0  9998
2 33056   0.0748  83.9481 0003751 106.5562 185.4669  1.00272724 27960
INTELSAT 25 (IS-25)     
1 33153U 08034A   19292.86588115 -.00000223  00000-0  00000-0 0  9993
2 33153   0.0149 232.5291 0002447   2.0847  73.6721  1.00272208 41343
BADR-6                  
1 33154U 08034B   19292.85535319  .00000145  00000-0  00000+0 0  9992
2 33154   0.0630  48.1786 0001572 144.5369 169.2609  1.00272907 41363
ECHOSTAR 11             
1 33207U 08035A   19292.90396854 -.00000057  00000-0  00000-0 0  9991
2 33207   0.0091 228.1155 0002764 342.3806  33.0464  1.00271271 26858
SUPERBIRD-C2            
1 33274U 08038A   19292.88591115 -.00000251  00000-0  00000-0 0  9998
2 33274   0.0100 222.5969 0001938  12.1423 256.2326  1.00270795 81344
AMC-21                  
1 33275U 08038B   19293.17571572  .00000035  00000-0  00000+0 0  9995
2 33275   0.0156  43.9819 0002845 175.5115 107.2438  1.00271166 41073
INMARSAT 4-F3           
1 33278U 08039A   19293.16072747 -.00000139  00000-0  00000+0 0  9994
2 33278   3.0844  10.7344 0003072 208.4276 129.0825  1.00271180 40870
NIMIQ 4                 
1 33373U 08044A   19293.12729038 -.00000221  00000-0  00000+0 0  9996
2 33373   0.0139 140.6590 0001999  72.2784 139.2187  1.00271301 40456
GALAXY 19 (G-19)        
1 33376U 08045A   19292.83714375 -.00000139  00000-0  00000-0 0  9994
2 33376   0.0170 190.8738 0003223  27.4704  14.0664  1.00271377 40555
VENESAT-1               
1 33414U 08055A   19292.88729977 -.00000237  00000-0  00000-0 0  9996
2 33414   0.0567  72.7570 0003152 180.4761  16.2447  1.00269263 40299
ASTRA 1M                
1 33436U 08057A   19292.85535319  .00000120  00000-0  00000+0 0  9993
2 33436   0.0564 105.3973 0004578  71.3868 178.3855  1.00273125 40092
CIEL-2                  
1 33453U 08063A   19292.68718515  .00000058  00000-0  00000-0 0  9992
2 33453   0.0189 147.6967 0003090  63.1278 295.6079  1.00271548 39768
EUTELSAT HOT BIRD 13C   
1 33459U 08065A   19292.86697883  .00000087  00000-0  00000-0 0  9996
2 33459   0.0490  19.2518 0003521 155.2727 178.6584  1.00273221 22950
EUTELSAT 48D            
1 33460U 08065B   19292.84979883  .00000123  00000-0  00000-0 0  9990
2 33460   0.0688  54.4788 0004297 164.8498 162.7497  1.00274396 39581
FENGYUN 2E              
1 33463U 08066A   19292.87378282 -.00000202  00000-0  00000+0 0  9991
2 33463   3.8434  69.0260 0003888 268.6980  91.5938  1.00276152 39700
EXPRESS-AM44            
1 33595U 09007A   19292.92603713 -.00000089  00000-0  00000-0 0  9993
2 33595   0.0211 307.2008 0000368 325.5157  77.7844  1.00272102 39167
NSS-9                   
1 33749U 09008A   19292.82117956  .00000072  00000-0  00000-0 0  9994
2 33749   0.0392  48.9277 0002195 166.9233 290.8744  1.00271445 39141
EUTELSAT 33E            
1 33750U 09008B   19292.84424743  .00000155  00000-0  00000-0 0  9995
2 33750   0.0579  22.3834 0004106 188.8450 153.8337  1.00270978 39059
TELSTAR 11N             
1 34111U 09009A   19292.84900781 -.00000250  00000-0  00000-0 0  9996
2 34111   0.0167 242.2726 0002400 316.4904  97.3958  1.00272162 21852
EUTELSAT 10A            
1 34710U 09016A   19292.86690260  .00000068  00000-0  00000-0 0  9995
2 34710   0.0679  11.5904 0005093 191.2576 147.2964  1.00270652 16864
WGS F2 (USA 204)        
1 34713U 09017A   19293.09979954  .00000047  00000-0  00000+0 0  9991
2 34713   0.0151 228.7795 0000448  80.9793 174.6440  1.00269145 38554
SES-7 (PROTOSTAR 2)     
1 34941U 09027A   19292.89347178 -.00000345  00000-0  00000-0 0  9992
2 34941   0.0921  94.6597 0001887 148.0960 215.2487  1.00270686 38254
MEASAT-3A               
1 35362U 09032A   19292.87474243 -.00000242  00000-0  00000-0 0  9994
2 35362   0.0287 195.1259 0003440  32.4671 206.9061  1.00270326 37852
GOES 14                 
1 35491U 09033A   19292.62027519 -.00000094  00000-0  00000-0 0  9996
2 35491   0.2780 279.2276 0012880 302.1884 285.5209  1.00272431 37721
SIRIUS FM-5             
1 35493U 09034A   19292.89285427 -.00000200  00000-0  00000-0 0  9991
2 35493   0.0179 277.1861 0000166 142.2311 203.9650  1.00272972 22315
TERRESTAR-1             
1 35496U 09035A   19292.61896664 -.00000055  00000-0  00000+0 0  9993
2 35496   2.4966   8.8023 0002848 205.6972 285.1318  1.00272375 37768
ASIASAT 5               
1 35696U 09042A   19292.87648713 -.00000308  00000-0  00000-0 0  9993
2 35696   0.0165 140.7899 0001813  41.9323 261.3789  1.00274690 37292
JCSAT-RA (JCSAT-12)     
1 35755U 09044A   19292.89009595 -.00000031  00000-0  00000-0 0  9995
2 35755   0.0378 251.8321 0002086 317.8412 307.7552  1.00272127 37224
OPTUS D3                
1 35756U 09044B   19292.88756611 -.00000147  00000-0  00000-0 0  9991
2 35756   0.0486  42.8555 0002639 177.1973 283.5723  1.00271172 37179
PALAPA D                
1 35812U 09046A   19292.60897089 -.00000357  00000-0  00000+0 0  9993
2 35812   0.0427  81.1461 0002108 166.7679 112.1018  1.00270743 37286
NIMIQ 5                 
1 35873U 09050A   19292.84194171 -.00000257  00000-0  00000-0 0  9993
2 35873   0.0601  92.7967 0002888 119.0317  46.6204  1.00270293 36974
AMAZONAS 2              
1 35942U 09054A   19292.77250191 -.00000282  00000-0  00000+0 0  9998
2 35942   0.0479 118.2699 0004739  72.2719  54.5399  1.00274483 36780
COMSATBW-1              
1 35943U 09054B   19292.86898484  .00000024  00000-0  00000-0 0  9996
2 35943   0.0511  78.3679 0002484 138.2174 187.3247  1.00271476 36905
NSS-12                  
1 36032U 09058A   19292.86785078  .00000071  00000-0  00000-0 0  9996
2 36032   0.0165 315.3110 0002891 264.2076 177.9768  1.00271106 36540
THOR 6                  
1 36033U 09058B   19292.86662057 -.00000009  00000-0  00000-0 0  9990
2 36033   0.0340 116.6608 0001844  99.9619 122.5853  1.00272901 36627
INTELSAT 14 (IS-14)     
1 36097U 09064A   19292.84752480 -.00000273  00000-0  00000-0 0  9998
2 36097   0.0107 240.7107 0002675 338.2956  69.1680  1.00271749 36316
EUTELSAT 36B            
1 36101U 09065A   19293.15075684  .00000155  00000-0  00000+0 0  9991
2 36101   0.0695   9.8200 0004632 195.5647 273.1416  1.00269808 36427
INTELSAT 15 (IS-15)     
1 36106U 09067A   19293.08881935 -.00000186  00000-0  00000+0 0  9999
2 36106   0.0114 191.3316 0002427  32.7929 281.3004  1.00271623 36217
WGS F3 (USA 211)        
1 36108U 09068A   19292.86633852 -.00000096  00000-0  00000-0 0  9991
2 36108   0.0160 193.6033 0000538  63.8613  70.5256  1.00270981 22226
DIRECTV 12              
1 36131U 09075A   19292.62062412 -.00000102  00000-0  00000+0 0  9994
2 36131   0.0124 229.3856 0000425  30.5937 248.4429  1.00270305 35993
BEIDOU 3                
1 36287U 10001A   19292.88591115 -.00000282  00000-0  00000-0 0  9992
2 36287   1.3685   7.0768 0004227 164.0795 315.8982  1.00273837 35797
RADUGA-1M 2             
1 36358U 10002A   19293.08873212 -.00000184  00000-0  00000+0 0  9996
2 36358   0.0328 250.2497 0003369   9.8591 245.1311  1.00269857 35623
SDO                     
1 36395U 10005A   19292.54909066 -.00000046  00000-0  00000+0 0  9994
2 36395  29.9199 125.4293 0001652  47.3828 310.8341  1.00274207 35639
INTELSAT 16 (IS-16)     
1 36397U 10006A   19292.84124382 -.00000244  00000-0  00000-0 0  9991
2 36397   0.0158 189.2572 0002246  27.2222  38.2208  1.00271021 35475
GOES 15                 
1 36411U 10008A   19292.68735963  .00000056  00000-0  00000-0 0  9995
2 36411   0.2855 278.0330 0002486 259.1191 330.0098  1.00264627 35287
ECHOSTAR 14             
1 36499U 10010A   19292.86160644  .00000000  00000-0  00000-0 0  9991
2 36499   0.0146 240.2757 0002795 326.9221  12.1551  1.00271878 22181
SES-1                   
1 36516U 10016A   19292.83627139 -.00000114  00000-0  00000-0 0  9998
2 36516   0.0411  68.3119 0002549 144.7593  15.0317  1.00271172 34656
ASTRA 3B                
1 36581U 10021A   19292.85535319  .00000137  00000-0  00000+0 0  9999
2 36581   0.0414 324.9967 0003098 240.5567 153.9177  1.00271616 34265
COMSATBW-2              
1 36582U 10021B   19292.86698646  .00000089  00000-0  00000-0 0  9991
2 36582   0.0544  88.8885 0002201 138.5643 125.9282  1.00273732 34572
BADR-5                  
1 36592U 10025A   19292.85535319  .00000145  00000-0  00000+0 0  9994
2 36592   0.0384 116.3577 0004906  69.0972 176.5177  1.00272214 34510
COMS 1                  
1 36744U 10032A   19292.89146524 -.00000344  00000-0  00000-0 0  9994
2 36744   0.0352 106.0559 0000973 116.4646 254.6569  1.00272830 26704
ARABSAT-5A              
1 36745U 10032B   19292.85517959  .00000153  00000-0  00000+0 0  9991
2 36745   0.0724  47.0439 0002626 118.6403 200.7304  1.00269356 34247
ECHOSTAR 15             
1 36792U 10034A   19292.77241466 -.00000281  00000-0  00000-0 0  9997
2 36792   0.0169 198.8968 0002231 348.6638  56.8493  1.00273320 33942
NILESAT 201             
1 36830U 10037A   19292.86646810 -.00000057  00000-0  00000-0 0  9996
2 36830   0.0478 155.7060 0004078  38.8984 138.3924  1.00271944 33974
RASCOM-QAF 1R           
1 36831U 10037B   19292.86671966  .00000019  00000-0  00000-0 0  9994
2 36831   0.0136 257.5268 0005463 321.6568 123.7906  1.00271957 33902
AEHF-1 (USA 214)        
1 36868U 10039A   19292.85720799  .00000028  00000-0  00000-0 0  9994
2 36868   2.1729 102.3761 0002334  89.1430 149.1031  1.00271610 29267
CHINASAT 6A (ZX 6A)     
1 37150U 10042A   19293.09067850 -.00000354  00000-0  00000+0 0  9994
2 37150   0.0533 127.2571 0001811 357.2538  61.5244  1.00273081 33514
QZS-1 (MICHIBIKI-1)     
1 37158U 10045A   19291.92202212 -.00000100  00000-0  00000-0 0  9998
2 37158  41.4184 147.0390 0747430 270.3112  80.2515  1.00283864 33349
XM-5                    
1 37185U 10053A   19292.89285427 -.00000205  00000-0  00000-0 0  9999
2 37185   0.0272 275.3322 0001825 139.8113 209.1718  1.00272200 33102
BSAT-3B                 
1 37207U 10056B   19292.92459483 -.00000351  00000-0  00000-0 0  9998
2 37207   0.0396  43.3098 0003022 229.7166 197.8154  1.00273136 27834
BEIDOU 6                
1 37210U 10057A   19293.02491466 -.00000112  00000-0  00000+0 0  9996
2 37210   0.7627  40.5463 0005854 152.6354   3.9509  1.00272022 32891
SKYTERRA 1              
1 37218U 10061A   19292.83627139 -.00000118  00000-0  00000-0 0  9992
2 37218   2.2986 350.0347 0003558 186.3311  51.4232  1.00271820 32818
ZHONGXING-20A           
1 37234U 10064A   19292.89702233 -.00000350  00000-0  00000-0 0  9996
2 37234   0.2915 102.0428 0003965 152.7062 222.7013  1.00272167 32593
HYLAS 1                 
1 37237U 10065A   19292.84237789 -.00000205  00000-0  00000-0 0  9993
2 37237   0.0272 299.7985 0010959 145.7580 175.0485  0.99709035 32599
INTELSAT 17 (IS-17)     
1 37238U 10065B   19293.15677612 -.00000002  00000-0  00000+0 0  9996
2 37238   0.0109 206.6429 0002452 355.4919 308.6361  1.00270684 32531
EUTELSAT KA-SAT 9A      
1 37258U 10069A   19292.86687212  .00000062  00000-0  00000-0 0  9992
2 37258   0.0503  79.0566 0003197 298.5958 331.4906  1.00272804 19633
HISPASAT 30W-5          
1 37264U 10070A   19292.86591926 -.00000216  00000-0  00000-0 0  9999
2 37264   0.0607 102.7649 0005065  95.4127 111.6269  1.00270620 28790
KOREASAT 6              
1 37265U 10070B   19292.90257918 -.00000362  00000-0  00000-0 0  9997
2 37265   0.0388  65.1847 0001868 179.8604 223.9961  1.00272170 32381
BEIDOU 8                
1 37384U 11013A   19292.76299523 -.00000167  00000-0  10000-3 0  9996
2 37384  58.9418  64.0698 0045479 201.5228 157.1323  1.00274019 31284
INTELSAT NEW DAWN       
1 37392U 11016A   19293.00655588  .00000155  00000-0  00000+0 0  9994
2 37392   0.0219 165.1482 0000720  88.0526 170.1890  1.00273033 31125
YAHSAT 1A               
1 37393U 11016B   19293.08227667  .00000100  00000-0  00000+0 0  9996
2 37393   0.0166 229.2125 0002482   4.0580 237.1035  1.00273193 31175
SBIRS GEO-1 (USA 230)   
1 37481U 11019A   19292.86968273 -.00000010  00000-0  00000-0 0  9999
2 37481   2.3488 334.9088 0002256 222.9838 209.4556  1.00272316 31045
TELSTAR 14R             
1 37602U 11021A   19292.78243878 -.00000280  00000-0  00000-0 0  9994
2 37602   0.0190 322.0273 0001601  21.5308 263.1033  1.00270350 31433
GSAT-8                  
1 37605U 11022A   19293.08280007  .00000084  00000-0  00000+0 0  9997
2 37605   0.0186 223.9292 0007395  26.0200 223.2459  1.00272095 30850
ST-2                    
1 37606U 11022B   19293.08934278 -.00000212  00000-0  00000+0 0  9998
2 37606   0.0162 177.5466 0002258  61.9474 268.9732  1.00271066 30864
CHINASAT 10 (ZX 10)     
1 37677U 11026A   19292.90257918 -.00000353  00000-0  00000-0 0  9996
2 37677   0.0691 269.0750 0004747 286.9878 267.5163  1.00272518 30578
TIANLIAN 1-02           
1 37737U 11032A   19292.82514896 -.00000015  00000-0  00000-0 0  9997
2 37737   2.7683  73.1243 0015897 115.4335 307.4450  1.00273738 30330
GSAT-12                 
1 37746U 11034A   19293.08838317 -.00000166  00000-0  00000+0 0  9991
2 37746   0.0753  99.3477 0004226 349.2655  54.4980  1.00272160 30564
SES-3                   
1 37748U 11035A   19293.10511366 -.00000103  00000-0  00000+0 0  9990
2 37748   0.0398  54.9005 0002147 170.6944  97.5674  1.00272186 30300
KAZSAT-2                
1 37749U 11035B   19292.86707093 -.00000199  00000-0  00000-0 0  9993
2 37749   0.0333 285.8855 0000513   5.4302 135.4176  1.00272930 28994
BEIDOU 9                
1 37763U 11038A   19292.88618185 -.00000070  00000-0  10000-3 0  9999
2 37763  54.4291 187.6684 0063963 224.8905  28.2676  1.00261574 30257
ASTRA 1N                
1 37775U 11041A   19292.86714654  .00000120  00000-0  00000-0 0  9993
2 37775   0.0587  52.8329 0000696  94.9818 211.6341  1.00273417 20139
BSAT-3C (JCSAT-110R)    
1 37776U 11041B   19292.91773288 -.00000351  00000-0  00000-0 0  9995
2 37776   0.0601  83.7195 0000052 264.5071 120.2412  1.00271119 26107
PAKSAT-1R               
1 37779U 11042A   19292.83869052  .00000154  00000-0  00000+0 0  9994
2 37779   0.0288 300.2514 0003231 261.5000 166.2233  1.00273381 29897
CHINASAT 1A (ZX 1A)     
1 37804U 11047A   19293.08710558 -.00000338  00000-0  00000+0 0  9997
2 37804   0.0563  72.1833 0000662 254.7615 222.5733  1.00272646 29683
COSMOS 2473             
1 37806U 11048A   19292.92551372 -.00000107  00000-0  00000-0 0  9994
2 37806   0.0715  99.6914 0003230 130.8224 117.3176  1.00272569 29677
SES-2                   
1 37809U 11049A   19292.89285427 -.00000196  00000-0  00000-0 0  9997
2 37809   0.0361  57.1339 0002615 157.5492  47.8413  1.00271594 29629
ARABSAT-5C              
1 37810U 11049B   19292.85535319  .00000123  00000-0  00000-0 0  9992
2 37810   0.0676 351.3830 0003847 200.5706 163.9941  1.00271412 29669
EUTELSAT 7 WEST A       
1 37816U 11051A   19292.86646049 -.00000060  00000-0  00000-0 0  9996
2 37816   0.0712  40.6182 0007261 157.7640 134.3160  1.00271944 29506
QUETZSAT 1              
1 37826U 11054A   19292.88729977 -.00000242  00000-0  00000-0 0  9996
2 37826   0.0034 335.7044 0002756 240.0069  54.8150  1.00272301 25525
INTELSAT 18 (IS-18)     
1 37834U 11056A   19292.82056892  .00000053  00000-0  00000+0 0  9998
2 37834   0.0169 205.8882 0002152   8.2547 289.2958  1.00272815 29462
EUTELSAT 16A            
1 37836U 11057A   19292.90969788  .00000104  00000-0  00000-0 0  9995
2 37836   0.0686  17.2274 0004553 188.4874 165.8778  1.00273033 21609
VIASAT-1                
1 37843U 11059A   19292.90396854 -.00000024  00000-0  00000-0 0  9995
2 37843   0.0184 237.6383 0002465 333.2320  27.5701  1.00271882 22932
ASIASAT 7               
1 37933U 11069A   19293.20515870 -.00000335  00000-0  00000+0 0  9995
2 37933   0.0173 227.6948 0001266 305.1891  34.8915  1.00270808 29072
BEIDOU 10               
1 37948U 11073A   19292.99708483 -.00000129  00000-0  10000-3 0  9991
2 37948  51.9585 300.7593 0064571 212.7991 328.8126  1.00268102 29019
LUCH 5A                 
1 37951U 11074B   19292.81795183 -.00000043  00000-0  00000-0 0  9991
2 37951   2.7305 123.3235 0002901  69.9042 296.2900  1.00269765 28807
NIGCOMSAT 1R            
1 38014U 11077A   19292.84979883  .00000144  00000-0  00000-0 0  9990
2 38014   0.0494  55.4009 0001944   9.7631 311.3154  1.00273896 28567
FENGYUN 2F              
1 38049U 12002A   19292.90396074 -.00000357  00000-0  00000-0 0  9996
2 38049   1.5118  83.1178 0001087 310.3297  72.0754  1.00280376 28508
WGS F4 (USA 233)        
1 38070U 12003A   19293.08943000 -.00000215  00000-0  00000+0 0  9990
2 38070   0.0119 221.2810 0000385  55.4283 232.1811  1.00270135 28333
SES-4                   
1 38087U 12007A   19292.85206108 -.00000168  00000-0  00000-0 0  9995
2 38087   0.0191 295.4186 0002367 294.0844  83.2848  1.00271823 27863
BEIDOU 11               
1 38091U 12008A   19292.97212222  .00000057  00000-0  00000-0 0  9994
2 38091   1.6527  67.1811 0005265 269.5648 100.1812  1.00267863 28091
MUOS-1                  
1 38093U 12009A   19292.82109233  .00000065  00000-0  00000-0 0  9997
2 38093   2.5890 359.2333 0059007 181.9209 325.4597  1.00274872 28026
INTELSAT 22 (IS-22)     
1 38098U 12011A   19292.86609179 -.00000059  00000-0  00000+0 0  9996
2 38098   0.0143 143.7442 0002921  60.1456 208.0665  1.00272591 27664
APSTAR 7                
1 38107U 12013A   19292.08208834 -.00000100  00000-0  00000-0 0  9994
2 38107   0.0035 143.2943 0002824  77.7353 272.3042  1.00268555 27778
YAHSAT 1B               
1 38245U 12016A   19293.08131706  .00000126  00000-0  00000+0 0  9990
2 38245   0.0131 245.9919 0001811 348.6272 230.5440  1.00270994 27538
AEHF-2 (USA 235)        
1 38254U 12019A   19292.84298854 -.00000274  00000-0  00000-0 0  9990
2 38254   1.7027  36.0168 0003386 147.2514  80.6960  1.00274817 26466
JCSAT-13                
1 38331U 12023A   19292.89702233 -.00000357  00000-0  00000-0 0  9999
2 38331   0.0108 198.4238 0002373  22.3235 254.2916  1.00272214 27148
VINASAT-2               
1 38332U 12023B   19292.89146524 -.00000329  00000-0  00000-0 0  9994
2 38332   0.0110 230.2857 0001890 344.3927 266.1951  1.00272177 22281
NIMIQ 6                 
1 38342U 12026A   19293.15944878 -.00000175  00000-0  00000+0 0  9994
2 38342   0.0628  87.2419 0002679 116.5857 150.8393  1.00271529 27214
CHINASAT 2A (ZX 2A)     
1 38352U 12028A   19292.87605095 -.00000293  00000-0  00000-0 0  9992
2 38352   0.0445  53.8917 0003205 276.0053 111.8103  1.00269795 26981
INTELSAT 19 (IS-19)     
1 38356U 12030A   19292.87479815 -.00000056  00000-0  00000-0 0  9995
2 38356   0.0155 162.6583 0003001  53.5457 292.8078  1.00271918 26072
ECHOSTAR 17             
1 38551U 12035A   19292.90396854 -.00000076  00000-0  00000-0 0  9994
2 38551   0.0179 211.9883 0002082 353.7652  40.6891  1.00272090 26687
METEOSAT-10 (MSG-3)     
1 38552U 12035B   19292.86687973  .00000061  00000-0  00000-0 0  9998
2 38552   1.0835 347.4267 0002082 238.6738 123.4055  1.00272396 26495
SES-5                   
1 38652U 12036A   19292.78567453  .00000034  00000-0  00000-0 0  9991
2 38652   0.0566  96.4665 0001963 113.1562 106.1906  1.00272346 20119
TIANLIAN 1-03           
1 38730U 12040A   19293.10639957  .00000124  00000-0  00000+0 0  9998
2 38730   0.1829 270.3924 0002984  17.0115 159.6275  1.00267586 26602
INTELSAT 20 (IS-20)     
1 38740U 12043A   19292.96017277 -.00000025  00000-0  00000-0 0  9992
2 38740   0.0112 179.0539 0003252   3.7913 259.4701  1.00271858 26353
HYLAS 2                 
1 38741U 12043B   19292.84424743  .00000154  00000-0  00000+0 0  9991
2 38741   0.0144 224.3757 0001763 340.3537 158.2283  1.00270588 26464
INTELSAT 21 (IS-21)     
1 38749U 12045A   19292.84490774 -.00000285  00000-0  00000-0 0  9995
2 38749   0.0141 243.6537 0002237 330.8096  59.7527  1.00272625 26156
ASTRA 2F                
1 38778U 12051A   19292.85535319  .00000150  00000-0  00000+0 0  9999
2 38778   0.0551 223.8755 0004533 358.3288 141.9711  1.00271800 25909
GSAT-10                 
1 38779U 12051B   19293.08838317 -.00000166  00000-0  00000+0 0  9998
2 38779   0.0402 119.5697 0000909  76.7795 306.7741  1.00270989 25909
INTELSAT 23 (IS-23)     
1 38867U 12057A   19292.84586733 -.00000284  00000-0  00000-0 0  9999
2 38867   0.0176 267.4186 0002094 318.1502  54.0071  1.00270518 25612
BEIDOU 16               
1 38953U 12059A   19293.08855764 -.00000176  00000-0  00000+0 0  9996
2 38953   1.3736  83.0957 0005157 192.0732 228.9698  1.00274805 25664
LUCH 5B                 
1 38977U 12061A   19292.71021544 -.00000116  00000-0  00000+0 0  9999
2 38977   5.2517  69.1132 0000784 182.1515  17.9505  1.00272006 25787
YAMAL 300K              
1 38978U 12061B   19292.82117956  .00000071  00000-0  00000+0 0  9994
2 38978   0.0184 220.1472 0000461 101.4489 184.9912  1.00272725 25485
STAR ONE C3             
1 38991U 12062A   19292.88729977 -.00000249  00000-0  00000-0 0  9997
2 38991   0.0858  93.7565 0002276 131.1880  47.5768  1.00269889 25374
EUTELSAT 21B            
1 38992U 12062B   19292.89828736  .00000130  00000-0  00000-0 0  9990
2 38992   0.0687  17.7317 0002309 182.8842 172.4399  1.00273066 25453
ECHOSTAR 16             
1 39008U 12065A   19293.10535623 -.00000283  00000-0  00000+0 0  9996
2 39008   0.0095 221.5888 0001905 346.1931 156.9485  1.00271291 25426
CHINASAT 12 (ZX 12)     
1 39017U 12067A   19293.08925553 -.00000208  00000-0  00000+0 0  9997
2 39017   0.0146 162.0124 0003201  47.9123 298.0044  1.00271377 25328
EUTELSAT 70B            
1 39020U 12069A   19292.83243823 -.00000044  00000-0  00000-0 0  9997
2 39020   0.0848  49.1822 0005205 152.4549 196.5607  1.00271537 25113
YAMAL 402               
1 39022U 12070A   19293.15450799  .00000085  00000-0  00000+0 0  9992
2 39022   0.0177 253.3105 0003010 332.0827 273.4855  1.00270942 25210
SKYNET 5D               
1 39034U 12075A   19292.86697841  .00000099  00000-0  00000-0 0  9994
2 39034   0.0773   3.1463 0004316 208.5603 181.2124  1.00272313 24771
MEXSAT 3                
1 39035U 12075B   19293.13387615 -.00000027  00000-0  00000+0 0  9992
2 39035   0.0101 167.8764 0002535  35.7703 118.0871  1.00272457 25082
TDRS 11                 
1 39070U 13004A   19292.82161574  .00000078  00000-0  00000-0 0  9999
2 39070   4.1903 330.3574 0000944  22.1022 156.9842  1.00277175 24594
AMAZONAS 3              
1 39078U 13006A   19292.77250191 -.00000282  00000-0  00000+0 0  9994
2 39078   0.0241 185.1392 0005211  32.2836  27.6644  1.00271221 24571
AZERSPACE 1             
1 39079U 13006B   19292.84979883  .00000133  00000-0  00000+0 0  9993
2 39079   0.0370  87.9870 0002080 149.9285 142.0518  1.00272917 24542
SBIRS GEO-2 (USA 241)   
1 39120U 13011A   19292.85535319  .00000120  00000-0  00000+0 0  9995
2 39120   2.4181 335.1203 0002968 243.5943 137.8648  1.00273235 24203
EUTELSAT 117 WEST A     
1 39122U 13012A   19292.90396854 -.00000013  00000-0  00000-0 0  9996
2 39122   0.0562  84.2327 0002966 127.9030  24.6099  1.00270943 24050
ANIK G1                 
1 39127U 13014A   19292.90396854 -.00000074  00000-0  00000-0 0  9990
2 39127   0.0170 265.0937 0002564 332.1622   8.9795  1.00271558 23866
CHINASAT 11 (ZX 11)     
1 39157U 13020A   19291.79771356 -.00000289  00000-0  00000+0 0  9997
2 39157   0.0204 142.5554 0001888 146.0508 123.5880  1.00269766 23759
EUTELSAT 7B             
1 39163U 13022A   19292.94275105  .00000048  00000-0  00000-0 0  9998
2 39163   0.0537  41.2374 0002007 277.3457  55.9522  1.00272922 23585
WGS F5 (USA 243)        
1 39168U 13024A   19292.84595456 -.00000284  00000-0  00000-0 0  9991
2 39168   0.0186 231.2166 0000413  26.0828  22.8069  1.00270963 22794
SES-6                   
1 39172U 13026A   19292.84839716 -.00000261  00000-0  00000-0 0  9993
2 39172   0.0257 311.8531 0002161 266.0296  75.0959  1.00271304 23335
IRNSS-1A                
1 39199U 13034A   19291.04910684  .00000114  00000-0  00000-0 0  9992
2 39199  30.3638 100.7037 0020596 178.6459 179.8579  1.00278633 22950
MUOS-2                  
1 39206U 13036A   19293.22398747 -.00000129  00000-0  00000+0 0  9991
2 39206   2.7817 349.5403 0051898 356.4968  23.0491  1.00271434 22923
ALPHASAT                
1 39215U 13038A   19293.16630939  .00000136  00000-0  00000+0 0  9995
2 39215   2.3171  22.3468 0002203 192.8169 257.9172  1.00273266 22884
INSAT-3D                
1 39216U 13038B   19292.90896899 -.00000157  00000-0  00000-0 0  9991
2 39216   0.0477 103.8119 0001310 120.7691 212.8495  1.00271984 22710
WGS F6 (USA 244)        
1 39222U 13041A   19293.16104187  .00000088  00000-0  00000+0 0  9994
2 39222   0.0182 242.3796 0000439  27.6927  41.0658  1.00271890 22672
EUTELSAT 25B            
1 39233U 13044A   19292.85535319  .00000143  00000-0  00000+0 0  9991
2 39233   0.0545  27.5349 0001818 185.6929 148.2399  1.00270048 22512
GSAT-7                  
1 39234U 13044B   19293.08655122 -.00000078  00000-0  00000+0 0  9991
2 39234   0.0745 101.2347 0007633 163.6447 228.5663  1.00272140 22516
AMOS-4                  
1 39237U 13045A   19292.91234861  .00000007  00000-0  00000-0 0  9991
2 39237   0.0165 233.5768 0001655 308.6558 239.3062  1.00272295 22562
AEHF-3 (USA 246)        
1 39256U 13050A   19292.88678098 -.00000183  00000-0  00000-0 0  9994
2 39256   0.9244 322.2798 0001488   0.7588 176.4571  1.00273985 21287
ASTRA 2E                
1 39285U 13056A   19293.12202351  .00000149  00000-0  00000+0 0  9995
2 39285   0.0596   6.1312 0002138 198.0173 256.6189  1.00266802 22203
SIRIUS FM-6             
1 39360U 13058A   19293.19575181 -.00000018  00000-0  00000+0 0  9998
2 39360   0.0183 266.8577 0000350 270.6334 165.2283  1.00270254 21965
RADUGA-1M 3             
1 39375U 13062A   19291.98467074  .00000158  00000-0  10000-3 0  9994
2 39375   0.0515  73.8673 0001130 233.1935 109.6407  1.00274275 21733
SES-8                   
1 39460U 13071A   19292.90866718 -.00000270  00000-0  00000-0 0  9992
2 39460   0.0095 206.9410 0001674 320.1377 283.1512  1.00271048 20110
INMARSAT 5-F1           
1 39476U 13073A   19293.08428309  .00000027  00000-0  00000+0 0  9999
2 39476   0.0192 232.9932 0000676  56.7645 191.4877  1.00271069 21540
TKSAT-1 (TUPAC KATARI)  
1 39481U 13075A   19292.89285427 -.00000195  00000-0  00000-0 0  9995
2 39481   0.0502  55.9651 0002437 141.8699  64.4957  1.00273276 21207
EXPRESS-AM5             
1 39487U 13077A   19292.81263043 -.00000280  00000-0  00000+0 0  9999
2 39487   0.0213 304.9791 0001098 353.2052 162.4227  1.00271541 21963
GSAT-14                 
1 39498U 14001A   19293.18174785 -.00000078  00000-0  00000+0 0  9999
2 39498   0.0524 110.4009 0003859 128.6165 288.7885  1.00271537 21190
THAICOM 6               
1 39500U 14002A   19293.08742358 -.00000122  00000-0  00000+0 0  9990
2 39500   0.0777 114.5762 0003772  67.8982 315.7697  1.00270434 21131
TDRS 12                 
1 39504U 14004A   19293.06360816 -.00000273  00000-0  00000+0 0  9996
2 39504   4.9606 337.0755 0004119 228.1723 164.7698  1.00279125 21065
ABS-2                   
1 39508U 14006A   19292.87142744 -.00000087  00000-0  00000-0 0  9992
2 39508   0.0158 136.6676 0001489  95.8996 184.1747  1.00272018 20896
ATHENA-FIDUS            
1 39509U 14006B   19292.83869052  .00000154  00000-0  00000-0 0  9991
2 39509   0.0135 227.8035 0001463 349.7633 150.1731  1.00269157 20688
TURKSAT 4A              
1 39522U 14007A   19292.84979883  .00000146  00000-0  00000+0 0  9992
2 39522   0.0375 266.9994 0004432 326.7029 142.2883  1.00269212 20828
EXPRESS-AT1             
1 39612U 14010A   19292.86758906  .00000078  00000-0  00000-0 0  9994
2 39612   0.0299   0.0317 0001239 292.9622 103.4107  1.00271495 20424
EXPRESS-AT2             
1 39613U 14010B   19292.88591113 -.00000282  00000-0  00000-0 0  9990
2 39613   0.0160 316.7820 0000345 330.5748 199.5065  1.00270538 20496
AMAZONAS 4A             
1 39616U 14011A   19292.84168000 -.00000253  00000-0  00000-0 0  9993
2 39616   0.0588  56.6975 0003826 157.4586  42.9030  1.00274349 20304
ASTRA 5B                
1 39617U 14011B   19292.84424743  .00000155  00000-0  00000+0 0  9992
2 39617   0.0614 301.3491 0003450 273.6562 148.4755  1.00269580 20482
IRNSS-1B                
1 39635U 14017A   19292.06125715  .00000090  00000-0  00000-0 0  9998
2 39635  29.0721 281.1749 0018635 191.0685 352.1654  1.00268802 20199
LUCH 5V                 
1 39727U 14023A   19292.93353596 -.00000270  00000-0  00000+0 0  9993
2 39727   0.9731 308.8941 0001908 290.6429 219.3579  1.00276504538134
KAZSAT-3                
1 39728U 14023B   19293.09392227  .00000060  00000-0  00000+0 0  9992
2 39728   0.0333  97.7399 0000286  31.6572 351.1987  1.00270914 20059
EUTELSAT 3B             
1 39773U 14030A   19292.86671966  .00000020  00000-0  00000-0 0  9991
2 39773   0.0833 328.9564 0005948 231.4714 142.7593  1.00272161 19674
ASIASAT 8               
1 40107U 14046A   19292.86654434 -.00000033  00000-0  00000-0 0  9997
2 40107   0.0475  90.7279 0002117 101.5723 143.8398  1.00271304 77765
ASIASAT 6               
1 40141U 14052A   19293.15150020 -.00000363  00000-0  00000+0 0  9992
2 40141   0.0392  92.0484 0000768 138.9988 331.7561  1.00272852 18776
OPTUS 10                
1 40146U 14054A   19292.88756611 -.00000147  00000-0  00000+0 0  9996
2 40146   0.0365 184.7484 0004317  14.6253 304.2387  1.00270796 18731
MEASAT-3B               
1 40147U 14054B   19293.03589961 -.00000242  00000-0  00000+0 0  9993
2 40147   0.0379  58.8425 0000747 180.4045 253.4152  1.00269873 18781
LUCH (OLYMP)            
1 40258U 14058A   19292.63618544 -.00000062  00000-0  00000+0 0  9995
2 40258   0.0156 228.6056 0002525 221.4542 234.6663  1.00468263 18544
HIMAWARI-8              
1 40267U 14060A   19292.88591115 -.00000275  00000-0  00000-0 0  9996
2 40267   0.0399 160.0202 0001098  70.9993 256.6855  1.00271551 18376
IRNSS-1C                
1 40269U 14061A   19293.08829594 -.00000159  00000-0  00000+0 0  9997
2 40269   1.8790 198.0895 0022187   0.3531 304.6201  1.00263427 18437
INTELSAT 30 (IS-30)     
1 40271U 14062A   19292.98108300 -.00000152  00000-0  00000+0 0  9997
2 40271   0.0169 244.8337 0002189 195.0392 206.4571  1.00272901 18378
ARSAT 1                 
1 40272U 14062B   19293.09104134 -.00000260  00000-0  00000+0 0  9992
2 40272   0.0184 232.1098 0001574 342.3139 134.8407  1.00272034 18507
EXPRESS-AM6             
1 40277U 14064A   19292.86706566  .00000097  00000-0  00000-0 0  9998
2 40277   0.0274 323.6365 0001414 333.7502  95.8294  1.00271242 17189
GSAT-16                 
1 40332U 14078A   19293.08280007  .00000084  00000-0  00000+0 0  9992
2 40332   0.0970  98.1560 0004317  23.6388 351.3506  1.00272262 17872
DIRECTV 14              
1 40333U 14078B   19292.83644584 -.00000125  00000-0  00000-0 0  9997
2 40333   0.0124 224.3402 0001186 120.3848 245.1627  1.00270340 17744
YAMAL 401               
1 40345U 14082A   19292.86722782 -.00000229  00000-0  00000-0 0  9990
2 40345   0.0107 186.1067 0000165 183.6878  60.4406  1.00269980 17528
ASTRA 2G                
1 40364U 14089A   19292.85535319  .00000150  00000-0  00000+0 0  9996
2 40364   0.0399  45.2588 0001204  45.1454 273.7989  1.00268610 17638
FENGYUN 2G              
1 40367U 14090A   19292.94802059 -.00000300  00000-0  00000+0 0  9997
2 40367   1.5108  98.3101 0002618 299.9243  70.4379  1.00282360 17655
MUOS-3                  
1 40374U 15002A   19292.86626229 -.00000129  00000-0  00000-0 0  9993
2 40374   3.0687 341.4755 0058307 182.6687 160.2980  1.00271033 17207
INMARSAT 5-F2           
1 40384U 15005A   19292.84551838 -.00000285  00000-0  00000-0 0  9991
2 40384   0.0162 222.4392 0000157   5.0561  49.9199  1.00270189 16606
ABS-3A                  
1 40424U 15010A   19292.86656720 -.00000026  00000-0  00000-0 0  9993
2 40424   0.0090 229.4339 0002496 238.9547 228.6638  1.00272303 17029
EUTELSAT 115 WEST B     
1 40425U 15010B   19292.90396854 -.00000025  00000-0  00000-0 0  9997
2 40425   0.0149  81.0172 0000316   5.2164 152.3930  1.00271088 17006
EXPRESS-AM7             
1 40505U 15012A   19292.57726786  .00000151  00000-0  00000+0 0  9990
2 40505   0.0010 169.2695 0002350  46.1883  60.1433  1.00273827 16964
IRNSS-1D                
1 40547U 15018A   19292.90257918 -.00000292  00000-0  00000-0 0  9993
2 40547  28.9745 281.2565 0019710 185.4257 358.0987  1.00276155 16606
BEIDOU 17               
1 40549U 15019A   19292.91285278 -.00000160  00000-0  00000-0 0  9991
2 40549  53.3999 323.9853 0037487 192.7312 296.3996  1.00284630 16699
THOR 7                  
1 40613U 15022A   19292.86662818 -.00000008  00000-0  00000-0 0  9991
2 40613   0.0236 138.8477 0002684  65.3206 135.2503  1.00270762 16435
TURKMENALEM52E/MONACOSAT
1 40617U 15023A   19292.86680394  .00000103  00000-0  00000-0 0  9990
2 40617   0.0066 179.5351 0002845  36.3863 176.2126  1.00272576 16441
DIRECTV 15              
1 40663U 15026A   19293.06954358 -.00000104  00000-0  00000+0 0  9992
2 40663   0.0160 182.7021 0000405 241.1543 246.6245  1.00277095 16140
SKY MEXICO-1            
1 40664U 15026B   19292.84072041 -.00000234  00000-0  00000-0 0  9993
2 40664   0.0156 183.1459 0002150  31.8876  36.9185  1.00272804 16155
METEOSAT-11 (MSG-4)     
1 40732U 15034A   19292.85651010 -.00000002  00000-0  00000-0 0  9991
2 40732   0.7932 249.0603 0000741 275.3687 172.2587  1.00264018 15654
STAR ONE C4             
1 40733U 15034B   19292.84246514 -.00000265  00000-0  00000-0 0  9991
2 40733   0.0484  54.2533 0002000 198.3684   8.7177  1.00270655 15640
WGS F7 (USA 263)        
1 40746U 15036A   19292.81960932  .00000018  00000-0  00000+0 0  9995
2 40746   0.0132 236.0743 0000133  28.5596 233.4728  1.00271820 15484
INTELSAT 34 (IS-34)     
1 40874U 15039A   19292.84534392 -.00000285  00000-0  00000-0 0  9998
2 40874   0.0177 242.2203 0000145 319.3978  75.2712  1.00272578 15287
EUTELSAT 8 WEST B       
1 40875U 15039B   19292.86643762 -.00000065  00000-0  00000-0 0  9999
2 40875   0.0738  33.0441 0003341 152.9673 145.9772  1.00272602 15273
GSAT-6                  
1 40880U 15041A   19293.08820870 -.00000157  00000-0  00000+0 0  9991
2 40880   0.1069  99.1233 0007479 154.4005 248.6466  1.00272138 15243
INMARSAT 5-F3           
1 40882U 15042A   19292.82048167  .00000050  00000-0  00000-0 0  9998
2 40882   0.0188 233.4840 0000294 269.9746 359.5325  1.00272287 15189
MUOS-4                  
1 40887U 15044A   19292.87151469 -.00000095  00000-0  00000-0 0  9990
2 40887   3.2349 338.6890 0052344 357.3842  80.7866  1.00271890 15185
TJS-1                   
1 40892U 15046A   19292.88739163 -.00000157  00000-0  10000-3 0  9995
2 40892   0.0430 307.3805 0005612  73.2070 121.9534  1.00270754 15165
EXPRESS-AM8             
1 40895U 15048A   19292.92542648 -.00000111  00000-0  00000-0 0  9991
2 40895   0.0184 309.3606 0001560 331.1042  66.8265  1.00272117 14980
BEIDOU 20               
1 40938U 15053A   19292.44516421 -.00000117  00000-0  00000+0 0  9997
2 40938  52.9798 286.9837 0050012 184.5186 172.5292  1.00282194 14965
SKY MUSTER (NBN1A)      
1 40940U 15054A   19292.88591115 -.00000279  00000-0  00000-0 0  9992
2 40940   0.0135 258.8555 0001768 314.2851 274.1137  1.00272978 14895
ARSAT 2                 
1 40941U 15054B   19292.84028422 -.00000225  00000-0  00000-0 0  9996
2 40941   0.0183 234.1903 0001695 341.6207  33.7386  1.00272136 14937
MORELOS 3               
1 40946U 15056A   19292.61853046 -.00000046  00000-0  00000-0 0  9997
2 40946   5.2025 328.1223 0001305 182.3817 346.8712  1.00272299 14894
APSTAR 9                
1 40982U 15059A   19292.89190126 -.00000266  00000-0  00000-0 0  9997
2 40982   0.0575  90.3114 0000723 110.6798 290.2086  1.00270705 14750
TURKSAT 4B              
1 40984U 15060A   19292.84979883  .00000115  00000-0  00000+0 0  9992
2 40984   0.0124 179.8551 0002354  25.2505 178.8953  1.00268986 14728
CHINASAT 2C (ZX 2C)     
1 41021U 15063A   19292.92411617 -.00000324  00000-0  00000-0 0  9997
2 41021   0.0611  66.9853 0002055 249.2821 147.9717  1.00270845 14621
GSAT-15                 
1 41028U 15065A   19292.90062830 -.00000258  00000-0  00000-0 0  9999
2 41028   0.0617  96.0611 0002722 120.1431 229.6172  1.00270779 14444
BADR-7 (ARABSAT-6B)     
1 41029U 15065B   19292.85535319  .00000145  00000-0  00000+0 0  9994
2 41029   0.0540 261.7721 0005816 333.9875 126.2211  1.00270411 14524
LAOSAT 1                
1 41034U 15067A   19292.89146524 -.00000343  00000-0  00000-0 0  9994
2 41034   0.0517  65.9643 0001279 104.3671 307.2053  1.00273103 14485
TELSTAR 12V             
1 41036U 15068A   19292.92525201 -.00000119  00000-0  00000-0 0  9995
2 41036   0.0004  67.1708 0002121 132.2236 146.8443  1.00272328 14329
CHINASAT 1C (ZX 1C)     
1 41103U 15073A   19292.87273598 -.00000151  00000-0  00000-0 0  9995
2 41103   1.0479  94.6915 0002241 146.6621 182.4397  1.00272431 14279
ELEKTRO-L 2             
1 41105U 15074A   19292.94339708 -.00000097  00000-0  00000-0 0  9991
2 41105   0.6297 102.2765 0000912  83.6275 257.8587  1.00273283 14130
COSMOS 2513             
1 41121U 15075A   19293.08794699 -.00000139  00000-0  10000-3 0  9991
2 41121   0.0547  91.5200 0002247 145.5421 263.1356  1.00270883 14214
EXPRESS-AMU1            
1 41191U 15082A   19292.84424743  .00000155  00000-0  00000-0 0  9992
2 41191   0.0128 252.1029 0002304 320.6863 155.2897  1.00269548 13889
GAOFEN 4                
1 41194U 15083A   19293.19291334 -.00000336  00000-0  00000+0 0  9994
2 41194   0.0672 113.2198 0004481 106.1802 344.1917  1.00270944 14108
BELINTERSAT-1           
1 41238U 16001A   19292.84962522  .00000106  00000-0  00000-0 0  9994
2 41238   0.0214 121.8802 0001634  40.7009 222.8333  1.00273649 13866
IRNSS-1E                
1 41241U 16003A   19292.90205834 -.00000272  00000-0  00000-0 0  9998
2 41241  28.7186 100.2165 0021055 180.3829 183.9880  1.00268264 13690
EUTELSAT 9B             
1 41310U 16005A   19292.86687212  .00000062  00000-0  00000-0 0  9992
2 41310   0.1039  83.1788 0005076 181.6046  84.3530  1.00272690 13726
SES-9                   
1 41380U 16013A   19292.90257918 -.00000346  00000-0  00000-0 0  9995
2 41380   0.0238 263.4156 0000993 247.6229 310.3000  1.00270850 13072
EUTELSAT 65 WEST A      
1 41382U 16014A   19292.84342472 -.00000276  00000-0  00000-0 0  9993
2 41382   0.0546  24.9882 0002007 177.5404  63.9690  1.00272823 13153
IRNSS-1F                
1 41384U 16015A   19292.86287833  .00000158  00000-0  00000-0 0  9995
2 41384   2.5134 233.7398 0017607 187.8197 309.6117  1.00273694 13300
BEIDOU IGSO-6           
1 41434U 16021A   19292.73360323 -.00000127  00000-0  00000-0 0  9997
2 41434  56.7030  63.1067 0037380 199.1256 125.2626  1.00265952 13093
IRNSS-1G                
1 41469U 16027A   19292.89146524 -.00000337  00000-0  00000-0 0  9996
2 41469   2.5523 236.3050 0003959 239.4534   2.7528  1.00267813 12801
JCSAT 2B                
1 41471U 16028A   19292.88712992 -.00000165  00000-0  00000+0 0  9995
2 41471   0.0158 192.6648 0002117  28.1811 280.6219  1.00270590 12703
THAICOM 8               
1 41552U 16031A   19292.87212534 -.00000122  00000-0  00000-0 0  9999
2 41552   0.0622  44.4696 0000323  72.2002 303.8905  1.00272898 12326
INTELSAT 31 (IS-31)     
1 41581U 16035A   19292.98108300 -.00000152  00000-0  00000+0 0  9994
2 41581   0.0183 239.7729 0001943 344.9377  61.6082  1.00273346 12301
BEIDOU-2 G7             
1 41586U 16037A   19292.90257918 -.00000353  00000-0  00000-0 0  9997
2 41586   1.0588  51.7072 0005495 357.7283  54.0590  1.00266059 12407
ABS-2A (MONGOLSAT-1)    
1 41588U 16038A   19293.08672568 -.00000085  00000-0  00000+0 0  9993
2 41588   0.0162 227.5656 0001794 240.8166  25.8569  1.00269150 12314
EUTELSAT 117 WEST B     
1 41589U 16038B   19293.10441625 -.00000012  00000-0  00000+0 0  9995
2 41589   0.0114  88.4660 0000106  73.6241 146.7874  1.00269514 12319
BRISAT                  
1 41591U 16039A   19292.88643205 -.00000196  00000-0  00000-0 0  9995
2 41591   0.0156 247.6135 0002237 323.3852 286.7127  1.00271198 12232
ECHOSTAR 18             
1 41592U 16039B   19292.84420984 -.00000282  00000-0  00000-0 0  9995
2 41592   0.0157 214.7859 0001671   3.1741  52.6365  1.00268500 12241
MUOS-5                  
1 41622U 16041A   19292.62001347 -.00000139  00000-0  00000+0 0  9996
2 41622   7.7580 309.7793 0206071 212.9116 343.3987  1.00272425 12676
TIANTONG-1 1            
1 41725U 16048A   19293.12107545 -.00000320  00000-0  00000+0 0  9992
2 41725   3.3371 330.3894 0003600 312.7596 250.1506  1.00273341 11877
JCSAT-16                
1 41729U 16050A   19292.89702233 -.00000357  00000-0  00000-0 0  9998
2 41729   0.0481  79.3023 0004782 170.2239 225.5193  1.00270317 11670
INTELSAT 36 (IS-36)     
1 41747U 16053A   19292.91894267 -.00000025  00000-0  00000-0 0  9995
2 41747   0.0143 305.1368 0002653  59.4945  62.8065  1.00270536 11576
INTELSAT 33E (IS-33E)   
1 41748U 16053B   19293.15555481  .00000048  00000-0  00000+0 0  9998
2 41748   0.0403  55.4658 0002433 163.3629 285.5216  1.00271587 11831
INSAT-3DR               
1 41752U 16054A   19292.87125299 -.00000078  00000-0  00000-0 0  9997
2 41752   0.1331  95.9473 0012508 171.5435 148.2351  1.00271216 11419
GSAT-18                 
1 41793U 16060A   19292.87116574 -.00000078  00000-0  00000-0 0  9995
2 41793   0.0996  97.9840 0000659  15.2400 302.4621  1.00271727 11141
SKY MUSTER 2            
1 41794U 16060B   19292.88591115 -.00000244  00000-0  00000-0 0  9990
2 41794   0.0135 259.0689 0001554 316.5366 276.2172  1.00271272 11135
HIMAWARI-9              
1 41836U 16064A   19293.17169346 -.00000275  00000-0  00000+0 0  9994
2 41836   0.0393  57.4516 0000685 156.1066  17.3933  1.00273022 10915
SHIJIAN-17 (SJ-17)      
1 41838U 16065A   19292.93339625 -.00000263  00000-0  00000-0 0  9997
2 41838   1.0438  94.8915 0000394 335.9038  27.5973  1.00268743 10842
GOES 16                 
1 41866U 16071A   19293.13818103 -.00000249  00000-0  00000+0 0  9994
2 41866   0.0192  45.2119 0000768 216.4091 101.2665  1.00271424 10727
TIANLIAN 1-04           
1 41869U 16072A   19292.96489000 -.00000108  00000-0  00000-0 0  9993
2 41869   0.7918 283.0506 0013288 179.1735 350.3110  1.00270701 10927
WGS F8 (USA 272)        
1 41879U 16075A   19293.19077229 -.00000203  00000-0  00000+0 0  9994
2 41879   0.0130 251.9480 0000104 213.7069 141.2219  1.00272338 10532
FENGYUN 4A              
1 41882U 16077A   19292.90257918 -.00000330  00000-0  00000-0 0  9995
2 41882   0.2198 287.1058 0002622 145.7723  24.7690  1.00265912 10596
ECHOSTAR 19             
1 41893U 16079A   19292.83705649 -.00000138  00000-0  00000-0 0  9996
2 41893   0.0154 217.1641 0001707  15.9764 359.1131  1.00270312 10321
JCSAT-15                
1 41903U 16082A   19292.90257918 -.00000351  00000-0  00000-0 0  9998
2 41903   0.0111 253.0603 0001537 328.9012 241.1456  1.00270915 10371
STAR ONE D1             
1 41904U 16082B   19292.89285427 -.00000211  00000-0  00000-0 0  9998
2 41904   0.0216 127.2435 0001554  22.8867 115.3964  1.00272862 10380
TJS-2                   
1 41911U 17001A   19292.89360234 -.00000343  00000-0  00000-0 0  9994
2 41911   0.3706  94.8486 0002730 264.8350  97.6358  1.00274950 10347
SBIRS GEO-3 (USA 273)   
1 41937U 17004A   19293.15513075  .00000125  00000-0  00000+0 0  9994
2 41937   4.2791 312.0334 0002548 253.3663  79.4028  1.00274592 10216
HISPASAT 36W-1          
1 41942U 17006A   19292.84926953 -.00000244  00000-0  00000-0 0  9994
2 41942   0.0129  43.3967 0001016 163.1747  91.2169  1.00271564  9848
TELKOM 3S               
1 41944U 17007A   19293.02356691 -.00000363  00000-0  00000+0 0  9995
2 41944   0.0182 236.4645 0002404 348.6973 289.5652  1.00272252  9822
INTELSAT 32E (IS-32E)   
1 41945U 17007B   19292.84787375 -.00000269  00000-0  00000-0 0  9998
2 41945   0.0184 233.4330 0000415 314.2456 102.4361  1.00271129  9842
ECHOSTAR 23             
1 42070U 17014A   19292.84290132 -.00000270  00000-0  00000-0 0  9998
2 42070   0.0175 218.9947 0002075 351.5155  53.0890  1.00271966  9542
WGS F9 (USA 275)        
1 42075U 17016A   19293.15494417  .00000072  00000-0  00000+0 0  9990
2 42075   0.0181 226.8401 0000192  54.3376 219.7392  1.00269486  9540
SES-10                  
1 42432U 17017A   19293.11091073 -.00000274  00000-0  00000+0 0  9990
2 42432   0.0157 269.1024 0002733 311.0027 141.2435  1.00271081  9361
CHINASAT 16 (SJ-13)     
1 42662U 17018A   19293.18272238 -.00000353  00000-0  99999+0 0  9990
2 42662   0.0720  83.1044 0007758 149.5709 332.0211  1.00270519  9357
KOREASAT 7              
1 42691U 17023A   19292.80774522 -.00000362  00000-0  00000-0 0  9995
2 42691   0.0285  91.9532 0001916  94.9199 247.8195  1.00272924  8984
SGDC                    
1 42692U 17023B   19293.12929276 -.00000251  00000-0  00000+0 0  9996
2 42692   0.0425  61.9383 0002258 145.9935 152.0933  1.00272631  9069
GSAT-9                  
1 42695U 17024A   19293.01946681 -.00000287  00000-0  00000+0 0  9996
2 42695   0.0621 101.4648 0002505 115.3164 275.7821  1.00270651  9041
INMARSAT 5-F4           
1 42698U 17025A   19292.50878764  .00000076  00000-0  00000+0 0  9994
2 42698   0.0184 236.2593 0000816  39.7706 351.3517  1.00271584  8866
SES-15                  
1 42709U 17026A   19292.68709792  .00000060  00000-0  00000+0 0  9994
2 42709   0.0126 273.4030 0000499 333.4397 259.2720  1.00269440  9794
QZS-2  (MICHIBIKI-2)    
1 42738U 17028A   19290.30129552 -.00000179  00000-0  00000+0 0  9997
2 42738  43.4039 277.8270 0748282 270.5495  84.0714  1.00258088  8728
VIASAT-2                
1 42740U 17029A   19292.78764861 -.00000265  00000-0  00000+0 0  9999
2 42740   0.0202 261.6942 0000361  13.9381 326.0180  1.00270983  8804
EUTELSAT 172B           
1 42741U 17029B   19292.82353894 -.00000005  00000-0  00000+0 0  9997
2 42741   0.0163 184.1529 0000339 126.6659 185.6873  1.00271621  9311
GSAT-19                 
1 42747U 17031A   19292.84979883  .00000125  00000-0  00000-0 0  9993
2 42747   0.0645 103.2384 0001842  55.4341 223.1765  1.00269762  8747
ECHOSTAR 21             
1 42749U 17032A   19292.85842931  .00000059  00000-0  00000-0 0  9996
2 42749   5.9830 313.9815 0002535 269.1284 124.2381  1.00271167  8723
CHINASAT 9A (ZX 9A)     
1 42763U 17035A   19293.23006377 -.00000314  00000-0  00000+0 0  9998
2 42763   0.0540 121.3491 0002190  30.5938  60.7554  1.00272873  9268
BULGARIASAT-1           
1 42801U 17038A   19292.86668917  .00000011  00000-0  00000-0 0  9990
2 42801   0.0291 269.4658 0002632 296.9499 135.5673  1.00270232  8443
HELLAS-SAT 3            
1 42814U 17040A   19293.15136750  .00000151  00000-0  00000+0 0  9999
2 42814   0.0653  48.0624 0000568 189.1268 244.6537  1.00273537  8493
GSAT-17                 
1 42815U 17040B   19292.90062830 -.00000259  00000-0  00000-0 0  9990
2 42815   0.0917  95.1257 0005781 152.9981 197.7117  1.00272173  8413
INTELSAT 35E (IS-35E)   
1 42818U 17041A   19292.84961847 -.00000238  00000-0  00000-0 0  9990
2 42818   0.0147 204.6098 0001886  12.8141  81.9993  1.00272096  8482
COSMOS 2520             
1 42907U 17046A   19292.92003139  .00000136  00000-0  00000-0 0  9990
2 42907   0.0194 148.4278 0000641 242.9279  12.9528  1.00271979  8009
TDRS 13                 
1 42915U 17047A   19292.85415473 -.00000103  00000-0  00000-0 0  9995
2 42915   5.9447 330.2541 0010912  95.0269 258.8147  1.00272083  7953
QZS-3 (MICHIBIKI-3)     
1 42917U 17048A   19292.89667510 -.00000348  00000-0  00000-0 0  9994
2 42917   0.0495 212.8505 0002440  13.0364 252.0315  1.00275742  7860
AMAZONAS 5              
1 42934U 17053A   19292.84429708 -.00000282  00000-0  00000-0 0  9996
2 42934   0.0355 309.0547 0002871 289.8885  32.0595  1.00271747  7708
ASIASAT 9               
1 42942U 17057A   19292.97827205 -.00000360  00000-0  00000+0 0  9993
2 42942   0.0044 112.6933 0002345  98.0552 291.7308  1.00270688  7558
INTELSAT 37E (IS-37E)   
1 42950U 17059A   19292.86620132 -.00000141  00000-0  00000-0 0  9990
2 42950   0.0079 210.4656 0003089   5.3229 106.1135  1.00271018  7669
BSAT-4A                 
1 42951U 17059B   19292.88749847 -.00000351  00000-0  00000-0 0  9991
2 42951   0.0707  64.1738 0000380 328.9967  64.2547  1.00270141  7428
QZS-4 (MICHIBIKI-4)     
1 42965U 17062A   19291.61589878 -.00000289  00000-0  00000-0 0  9996
2 42965  40.7832  14.8129 0748534 270.1052 103.2910  1.00271356  7429
SES-11 (ECHOSTAR 105)   
1 42967U 17063A   19292.62018795 -.00000089  00000-0  00000-0 0  9994
2 42967   0.0133 159.3587 0002809  60.1466 286.6482  1.00274012  7423
KOREASAT 5A             
1 42984U 17067A   19292.90396074 -.00000359  00000-0  00000-0 0  9997
2 42984   0.0106 191.4392 0001867   2.7728 272.4733  1.00273010  7158
ALCOMSAT 1              
1 43039U 17078A   19292.86603361 -.00000186  00000-0  00000-0 0  9994
2 43039   0.0249 249.5948 0002884 302.0123 123.4369  1.00272739  6904
SBIRS GEO-4 (USA 282)   
1 43162U 18009A   19292.88591115 -.00000296  00000-0  00000-0 0  9993
2 43162   5.4172 317.8046 0002459 250.5794 277.6297  1.00271530  6452
AL YAH 3                
1 43174U 18012A   19292.86614795 -.00000155  00000-0  00000-0 0  9992
2 43174   0.0250 275.2676 0002094 297.2680 107.2560  1.00270420  6465
SES-14                  
1 43175U 18012B   19292.49146323 -.00000277  00000-0  00000-0 0  9994
2 43175   0.0142 262.5806 0001173 315.1967 299.3559  1.00272035  6684
GOES 17                 
1 43226U 18022A   19293.15418324  .00000096  00000-0  00000+0 0  9996
2 43226   0.0359  41.9108 0000408 201.5239  63.2281  1.00271174  6048
HISPASAT 30W-6          
1 43228U 18023A   19293.14424578 -.00000217  00000-0  00000+0 0  9992
2 43228   0.0484  46.7092 0002125 139.1275 224.4558  1.00271348  6117
SUPERBIRD 8             
1 43271U 18033A   19293.17588078 -.00000093  00000-0  00000+0 0  9992
2 43271   0.0113 176.3055 0001589  67.6983   9.6898  1.00271519  5666
HYLAS 4                 
1 43272U 18033B   19292.84979294 -.00000233  00000-0  00000-0 0  9997
2 43272   0.0708 115.6863 0004551  75.1735 109.5969  1.00271859  5702
IRNSS-1I                
1 43286U 18035A   19292.58032111  .00000121  00000-0  00000+0 0  9997
2 43286  28.6907 113.5284 0019902 176.5030   1.7945  1.00268524  5676
COSMOS 2526             
1 43432U 18037A   19292.97271773 -.00000345  00000-0  00000+0 0  9993
2 43432   0.0198 128.8605 0001696 320.2093  57.3375  1.00270955  5584
APSTAR 6C               
1 43450U 18041A   19292.87917174 -.00000318  00000-0  00000-0 0  9990
2 43450   0.0186 240.9392 0000638 173.7379  63.9010  1.00270125  5446
BANGABANDHUSAT-1        
1 43463U 18044A   19292.89702233 -.00000363  00000-0  00000-0 0  9997
2 43463   0.0123 209.2695 0002000   2.6795 258.1381  1.00270759  5332
SES-12                  
1 43488U 18049A   19293.09948751 -.00000271  00000-0  00000+0 0  9996
2 43488   0.0452  60.3690 0002857 192.6264 266.1305  1.00272300  5043
FENGYUN 2H              
1 43491U 18050A   19293.08759804 -.00000130  00000-0  00000+0 0  9994
2 43491   1.2306 279.8790 0002931 244.6957 334.4220  1.00274430  5126
BEIDOU IGSO-7           
1 43539U 18057A   19292.88761700 -.00000125  00000-0  00000+0 0  9993
2 43539  55.0369 184.4648 0025193 201.5335  73.3848  1.00291107  4769
TELSTAR 19V             
1 43562U 18059A   19292.84386090 -.00000280  00000-0  00000-0 0  9995
2 43562   0.0092 229.9330 0002239 329.1660  69.7442  1.00270872  4760
TELKOM 4 (MERAH PUTIH)  
1 43587U 18064A   19292.89361130 -.00000344  00000-0  00000-0 0  9992
2 43587   0.0163 227.9508 0001446 359.9066 229.9050  1.00270327  4480
TELSTAR 18V (APSTAR 5C) 
1 43611U 18069A   19292.89094442 -.00000294  00000-0  00000-0 0  9998
2 43611   0.0188 244.0932 0002102 339.3726 263.3670  1.00271618  4249
AZERSPACE 2 (IS-38)     
1 43632U 18074A   19292.84979883  .00000136  00000-0  00000+0 0  9996
2 43632   0.0169 203.7733 0001543  24.6802 150.6554  1.00270297  4116
HORIZONS 3E             
1 43633U 18074B   19292.89018318 -.00000030  00000-0  00000-0 0  9994
2 43633   0.0203  42.8227 0000712 220.1560 254.6154  1.00271481  3977
AEHF-4 (USA 288)        
1 43651U 18079A   19292.75470578  .00000125  00000-0  00000-0 0  9998
2 43651   4.3576 311.3447 0004883 251.9060 306.2216  1.00275769  3904
BEIDOU-3 G1             
1 43683U 18085A   19292.71029954 -.00000245  00000-0  00000+0 0  9997
2 43683   2.3084 265.4161 0001131 307.6891 215.0921  1.00274502  3675
GSAT-29                 
1 43698U 18089A   19292.86741459  .00000085  00000-0  00000-0 0  9996
2 43698   0.0485 111.8692 0002692 120.7381 162.7552  1.00269869  3392
ES'HAIL 2               
1 43700U 18090A   19292.85535319  .00000144  00000-0  00000+0 0  9992
2 43700   0.0178 132.2220 0001735 105.2649 124.3097  1.00273124  3534
GEO-KOMPSAT-2A          
1 43823U 18100A   19292.89146524 -.00000344  00000-0  00000-0 0  9994
2 43823   0.0445  54.9723 0001208  81.9936 340.3201  1.00272695  3235
GSAT-11                 
1 43824U 18100B   19292.87116574 -.00000077  00000-0  00000-0 0  9998
2 43824   0.0289 151.0070 0005355 337.4945 287.1157  1.00272045  3161
GSAT-7A                 
1 43864U 18105A   19292.86898484  .00000026  00000-0  00000-0 0  9996
2 43864   0.1002  96.2969 0002273 120.4253 186.9777  1.00271929  3089
COSMOS 2533             
1 43867U 18107A   19292.83243823 -.00000039  00000-0  00000-0 0  9994
2 43867   0.0267 117.6900 0000709 220.0111  60.0066  1.00270312  3021
TJS-3                   
1 43874U 18110A   19292.70071012  .00000002  00000-0  00000+0 0  9999
2 43874   0.0371  85.6622 0007010 134.9362 232.5381  1.00270203  3095
TJS-3 AKM               
1 43917U 18110C   19292.99394574  .00000055  00000-0  00000-0 0  9998
2 43917   0.3815  97.8206 0004592 109.9692 237.2588  1.00275740  2969
CHINASAT 2D (ZX 2D)     
1 43920U 19001A   19292.97271773 -.00000337  00000-0  00000+0 0  9998
2 43920   0.0544  83.2310 0001064 145.5775 279.5311  1.00273586  2973
GSAT-31                 
1 44035U 19007B   19293.08838317 -.00000166  00000-0  00000+0 0  9998
2 44035   0.0203 204.1778 0005326  38.0608 260.8841  1.00271439  2573
NUSANTARA SATU          
1 44048U 19009A   19292.88591115 -.00000235  00000-0  00000-0 0  9991
2 44048   0.0137 194.7352 0002003  20.8950 277.3932  1.00270288  2376
WGS 10 (USA 291)        
1 44071U 19014A   19292.82048167  .00000051  00000-0  00000+0 0  9995
2 44071   0.0759  95.3515 0000281 220.2930 187.5280  1.00269695  2221
ARABSAT-6A              
1 44186U 19021A   19292.85500598  .00000153  00000-0  00000-0 0  9998
2 44186   0.0530 337.7463 0004615 274.5816 114.0595  1.00274689  1817
BEIDOU-3 IGSO-1         
1 44204U 19023A   19292.86709537 -.00000181  00000-0  10000-3 0  9992
2 44204  55.1526  63.5923 0019140 178.2817 209.1143  1.00249860  1974
YAMAL 601               
1 44307U 19031A   19292.86619330  .00000120  00000-0  00000-0 0  9994
2 44307   0.0119 202.5883 0001607  15.8608 170.4535  1.00270329  1562
AT&T T-16               
1 44333U 19034A   19292.59169462 -.00000115  00000-0  00000+0 0  9996
2 44333   0.0332  85.4554 0000450 107.6883 306.8375  1.00271960  1267
INTELSAT 39 (IS-39)     
1 44476U 19049B   19291.72023375  .00000035  00000-0  00000+0 0  9996
2 44476   0.0113 205.0067 0000539 105.4030  37.7557  1.00272343   772
AMOS-17                 
1 44479U 19050A   19293.14630780  .00000092  00000-0  00000+0 0  9996
2 44479   0.0404 283.1787 0001918 270.6536 261.0327  1.00275729   826