SCD 1                   
1 22490U 93009B   19293.10690972  .00000205  00000-0  64145-5 0  9998
2 22490  24.9699  78.7281 0043058   0.4874 327.9220 14.44560876409344
TECHSAT 1B (GO-32)      
1 25397U 98043D   19292.89201761  .00000000  00000-0  19385-4 0  9997
2 25397  98.6985 231.5912 0002195  61.1827 298.9572 14.23672482105184
SCD 2                   
1 25504U 98060A   19293.08623067  .00000235  00000-0  15691-4 0  9991
2 25504  24.9961 287.3916 0017430  22.7583  29.1485 14.44078029108644
LANDSAT 7               
1 25682U 99020A   19293.11746206  .00000014  00000-0  13035-4 0  9995
2 25682  98.1165 357.4726 0001003  94.1551 265.9771 14.57157275 91098
DLR-TUBSAT              
1 25757U 99029B   19293.01155704  .00000005  00000-0  12667-4 0  9993
2 25757  98.4122 215.1256 0013889 202.4714 157.5874 14.51408535 80466
TERRA                   
1 25994U 99068A   19293.14022937 -.00000841  00000-0 -17674-3 0  9996
2 25994  98.2011   5.7862 0001650  93.6199 266.5203 14.57109637 55174
MAROC-TUBSAT            
1 27004U 01056D   19292.83579170 -.00000021  00000-0  27040-4 0  9999
2 27004  99.4837  64.5205 0019004 281.2416 225.3112 13.70137044893089
AQUA                    
1 27424U 02022A   19293.12493056  .00000092  00000-0  30376-4 0  9993
2 27424  98.2053 232.1420 0002620  42.1346 135.1320 14.57114248928777
IRS-P6 (RESOURCESAT-1)  
1 28051U 03046A   19293.10196728 -.00000000  00000-0  15176-4 0  9992
2 28051  98.5100   8.8903 0058503  23.9948 336.3948 14.34166031831798
SHIYAN 1 (SY-1)         
1 28220U 04012A   19293.00167387 -.00000195  00000-0 -10812-4 0  9990
2 28220  97.8184 255.5838 0004554  71.4911 288.6807 14.99909800844532
FORMOSAT-2 (ROCSAT 2)   
1 28254U 04018A   19289.13728295 -.00000185  00000-0 -95762-4 0  9999
2 28254  98.7552 328.6126 0000589  41.9890 318.1371 14.00717975787726
AURA                    
1 28376U 04026A   19292.95924542  .00000093  00000-0  30748-4 0  9999
2 28376  98.2054 234.1364 0001332  69.3155 290.8186 14.57111338811757
IRS-P5 (CARTOSAT-1)     
1 28649U 05017A   19293.06622517  .00000074  00000-0  15278-4 0  9993
2 28649  97.8441   1.6953 0002222 116.1976 243.9467 14.83657308782723
SINAH 1                 
1 28893U 05043D   19292.45905897  .00000010  00000-0  11104-4 0  9994
2 28893  97.9918  65.5557 0014854 348.5119  11.5741 14.61512752745235
EROS B                  
1 29079U 06014A   19293.08717919  .00001301  00000-0  56365-4 0  9998
2 29079  97.4338  50.7522 0004631  68.3792  46.0407 15.24178582748499
RESURS-DK 1             
1 29228U 06021A   19293.01721663  .00000082  00000-0  13471-4 0  9992
2 29228  69.9346  82.5999 0002049 146.1512 213.9780 15.02474007736487
ARIRANG-2 (KOMPSAT-2)   
1 29268U 06031A   19293.05767530  .00000093  00000-0  27389-4 0  9999
2 29268  98.0128 181.7482 0017341 194.6968 165.3734 14.62454025705933
LAPAN-TUBSAT            
1 29709U 07001A   19293.09379966  .00000011  00000-0  79454-5 0  9994
2 29709  97.8235 252.4797 0012739 173.4936 186.6443 14.82190841690616
CARTOSAT-2 (IRS-P7)     
1 29710U 07001B   19293.11724894 -.00000182  00000-0 -17832-4 0  9995
2 29710  97.9523 350.8948 0002080  77.7881 282.3606 14.78674363689538
HAIYANG-1B              
1 31113U 07010A   19293.12377895 -.00000025  00000-0  66673-5 0  9994
2 31113  98.4401 338.3629 0013461 200.9019 159.1615 14.30231744653660
COSMO-SKYMED 1          
1 31598U 07023A   19293.06020959 -.00000410  00000-0 -44964-4 0  9991
2 31598  97.8918 114.7093 0001394  82.2697 277.8693 14.82150330669073
TERRASAR-X              
1 31698U 07026A   19292.03117350 -.00001111  00000-0 -49740-4 0  9999
2 31698  97.4459 297.5228 0001590  81.6047 352.1507 15.19143970684497
WORLDVIEW-1 (WV-1)      
1 32060U 07041A   19292.88076227  .00000630  00000-0  28498-4 0  9990
2 32060  97.4043  50.9419 0002231 100.1365 260.0124 15.24519483672374
YAOGAN 3                
1 32289U 07055A   19293.10203386 -.00000116  00000-0 -81704-5 0  9993
2 32289  98.0026 303.5523 0001759  82.2159 277.9247 14.80978151645266
COSMO-SKYMED 2          
1 32376U 07059A   19293.02643814  .00000266  00000-0  39952-4 0  9990
2 32376  97.8915 114.6763 0001453  80.6447 279.4927 14.82149581641815
RADARSAT-2              
1 32382U 07061A   19293.07937419  .00000214  00000-0  10000-3 0  9997
2 32382  98.5779 298.1948 0001181  87.0066   3.0108 14.29984306618478
CARTOSAT-2A             
1 32783U 08021A   19293.09584785  .00000168  00000-0  29947-4 0  9994
2 32783  97.9583 351.2769 0014385  72.3091 287.9707 14.78668322619476
JASON-2 (OSTM)          
1 33105U 08032A   19292.93888689 -.00000093  00000-0 -12156-3 0  9999
2 33105  66.0364 125.0177 0007591 265.5346 243.7701 12.87622299530577
RAPIDEYE 2              
1 33312U 08040A   19292.62743852  .00000744  00000-0  89219-4 0  9992
2 33312  97.7302 357.8186 0010800  58.3048 301.9144 14.86884025601811
RAPIDEYE 5              
1 33313U 08040B   19292.65152940 -.00000361  00000-0 -34281-4 0  9994
2 33313  97.7337 356.7958 0022327 325.9299  34.0442 14.86846378601761
RAPIDEYE 1              
1 33314U 08040C   19293.11123289 -.00000753  00000-0 -78032-4 0  9998
2 33314  97.7404 358.1615 0021114  93.5873 266.7772 14.86894386601876
RAPIDEYE 3              
1 33315U 08040D   19291.73259322 -.00000213  00000-0 -17793-4 0  9991
2 33315  97.7353 355.7926 0014583  27.6106 332.5857 14.86883164601639
RAPIDEYE 4              
1 33316U 08040E   19293.13387752  .00000046  00000-0  11148-4 0  9997
2 33316  97.7387 357.0825 0015439 339.3942  20.6696 14.86883510601835
HUANJING 1A (HJ-1A)     
1 33320U 08041A   19293.10157664  .00000061  00000-0  15744-4 0  9990
2 33320  97.8247 347.9169 0026472 138.1656 222.1591 14.77048139598974
HUANJING 1B (HJ-1B)     
1 33321U 08041B   19293.12037118  .00000084  00000-0  18903-4 0  9999
2 33321  97.8324 349.9459 0035151 157.4926 202.7847 14.77167500598975
GEOEYE 1                
1 33331U 08042A   19293.11781917  .00000044  00000-0  17284-4 0  9990
2 33331  98.1306   5.7420 0010387  95.2498 264.9907 14.64359294594211
THEOS                   
1 33396U 08049A   19292.64358870  .00000169  00000-0  10000-3 0  9999
2 33396  98.7684 357.3582 0001468 123.1642 340.5616 14.20007639572741
COSMO-SKYMED 3          
1 33412U 08054A   19293.07704359  .00000096  00000-0  18675-4 0  9995
2 33412  97.8913 114.7262 0001364  89.9251 270.2134 14.82154801594284
YAOGAN 4                
1 33446U 08061A   19292.89773173  .00000081  00000-0  18418-4 0  9998
2 33446  97.6909 254.1579 0017273  47.6493 312.6177 14.76979902586176
GOSAT (IBUKI)           
1 33492U 09002A   19292.34587470  .00000089  00000-0  24064-4 0  9990
2 33492  98.0454  42.4206 0001594 100.2196 259.9188 14.67562389574648
YAOGAN 6                
1 34839U 09021A   19293.08256991  .00000383  00000-0  17031-4 0  9993
2 34839  97.0486 310.1221 0028678 157.8263 202.4224 15.26678233582987
DEIMOS-1                
1 35681U 09041A   19293.14844675  .00000032  00000-0  12640-4 0  9992
2 35681  97.8414 170.7427 0002855  96.0447 264.1079 14.71803504548892
DUBAISAT-1              
1 35682U 09041B   19293.11199637  .00000200  00000-0  42096-4 0  9996
2 35682  97.7274 119.8381 0010650 301.5111  58.5054 14.68751201547690
OCEANSAT-2              
1 35931U 09051A   19293.13558537  .00000079  00000-0  31291-4 0  9993
2 35931  98.3014  26.5915 0002675  79.3330 280.8165 14.50847774533425
WORLDVIEW-2 (WV-2)      
1 35946U 09055A   19293.11595638  .00000038  00000-0  26974-4 0  9991
2 35946  98.4254   6.4361 0001841  39.5757 320.5570 14.37646720526343
SMOS                    
1 36036U 09059A   19293.09896628  .00000087  00000-0  41693-4 0  9995
2 36036  98.4441 118.5899 0001164  86.4578 273.6743 14.39751077523636
YAOGAN 7                
1 36110U 09069A   19293.07494149  .00000006  00000-0  90785-5 0  9997
2 36110  98.2718 118.6030 0022924 267.8135  92.0443 14.75137107530914
TANDEM-X                
1 36605U 10030A   19292.88949546 -.00000270  00000-0 -96739-5 0  9990
2 36605  97.4471 298.3719 0002187  58.9051  25.9823 15.19148601517366
CARTOSAT-2B             
1 36795U 10035A   19293.13235608 -.00001096  00000-0 -14223-3 0  9994
2 36795  97.9563 350.9137 0015030 138.7824 221.4286 14.78657794500526
YAOGAN 10               
1 36834U 10038A   19293.07686992  .00000008  00000-0  77836-5 0  9991
2 36834  97.9717 292.6216 0001584  74.2374 285.9012 14.80936235497007
COSMO-SKYMED 4          
1 37216U 10060A   19293.03910539 -.00000008  00000-0  55169-5 0  9990
2 37216  97.8913 114.6869 0001401  69.8642 290.2720 14.82150177484367
RESOURCESAT-2           
1 37387U 11015A   19293.08835037  .00000027  00000-0  32225-4 0  9991
2 37387  98.7064   6.5908 0004259  15.7417 344.3901 14.21633467441142
HAIYANG 2A              
1 37781U 11043A   19293.09714950  .00000609  00000-0  64286-3 0  9998
2 37781  99.3198 299.9369 0000079   2.6937 357.4226 13.78719935411780
RASAT                   
1 37791U 11044D   19293.09590999  .00000006  00000-0  10255-4 0  9994
2 37791  98.1181  24.3167 0021027 312.9644  46.9797 14.64736318436919
MEGHA-TROPIQUES         
1 37838U 11058A   19292.41799265  .00000315  00000-0  29198-4 0  9992
2 37838  19.9788  32.2660 0009459  68.4865 291.6547 14.09686702346545
SRMSAT                  
1 37841U 11058D   19291.45749392  .00000287  00000-0  12345-4 0  9999
2 37841  19.9735  15.6627 0011938  93.8976 356.3538 14.10641084413819
YAOGAN 13               
1 37941U 11072A   19293.10069696  .00000283  00000-0  17215-4 0  9999
2 37941  97.5323 224.3092 0002371 129.9740 324.5185 15.18104553437355
PLEIADES 1A             
1 38012U 11076F   19293.11921978 -.00000050  00000-0 -10316-5 0  9994
2 38012  98.1898   6.1142 0001489  91.0165 269.1208 14.58560219417480
ZIYUAN 1-02C (ZY 1-02C) 
1 38038U 11079A   19293.13451850  .00000053  00000-0  34487-4 0  9999
2 38038  98.7283 338.7780 0006043 259.7585 100.2927 14.35265867410150
ZIYUAN 3 (ZY 3)         
1 38046U 12001A   19293.08104199  .00000415  00000-0  21630-4 0  9997
2 38046  97.4449   5.4736 0003119 348.8315 104.4175 15.21299390431923
RISAT-1                 
1 38248U 12017A   19293.10340843  .00000473  00000-0  33115-4 0  9994
2 38248  97.5708 300.2790 0004357  14.6375 345.4980 15.09904175412213
ARIRANG-3 (KOMPSAT-3)   
1 38338U 12025B   19293.07076638  .00000043  00000-0  18093-4 0  9998
2 38338  98.1686 229.4004 0009655 169.0368 191.1050 14.61774730396065
KANOPUS-V 1             
1 38707U 12039A   19293.08407135 -.00000880  00000-0 -38864-4 0  9993
2 38707  97.4525 210.0460 0001625  73.6611  22.1139 15.19035070401868
EXACTVIEW-1 (ADS-1B)    
1 38709U 12039C   19293.04507020  .00000018  00000-0  28556-4 0  9993
2 38709  99.1357 312.2539 0010392 331.4192  28.6414 14.24001650376493
SPOT 6                  
1 38755U 12047A   19293.06694346 -.00000051  00000-0 -10604-5 0  9998
2 38755  98.1995 358.6099 0001120  72.0604 288.0719 14.58563209378550
PLEIADES 1B             
1 39019U 12068A   19293.08472427 -.00000037  00000-0  18335-5 0  9993
2 39019  98.1884   6.0471 0001318  90.2902 269.8450 14.58557825366330
GOKTURK 2               
1 39030U 12073A   19293.04857819  .00000040  00000-0  13983-4 0  9996
2 39030  97.9753 180.4619 0001262 139.7977 220.3327 14.72720076366370
LANDSAT 8               
1 39084U 13008A   19293.02556679  .00000031  00000-0  16883-4 0  9994
2 39084  98.2132   1.3743 0001087  86.1973 273.9355 14.57110866355544
SARAL                   
1 39086U 13009A   19292.91128029 -.00000022  00000-0  81970-5 0  9999
2 39086  98.5419 117.1945 0000432 141.8586 218.2628 14.32012818347434
GAOFEN 1                
1 39150U 13018A   19293.07277421  .00000052  00000-0  14691-4 0  9997
2 39150  97.8924  10.7176 0019002 173.9474 186.1973 14.76545397349392
VNREDSAT 1              
1 39160U 13021B   19293.07891157  .00000041  00000-0  17274-4 0  9998
2 39160  98.1735   7.3524 0001068  88.8341 271.2987 14.62928298344594
ARIRANG-5 (KOMPSAT-5)   
1 39227U 13042A   19293.03562095  .00000052  00000-0  80119-5 0  9998
2 39227  97.6193 115.4924 0002217  78.6735  18.7100 15.04511374338220
YAOGAN 18               
1 39363U 13059A   19293.11884586  .00000579  00000-0  31437-4 0  9990
2 39363  97.2838 345.9464 0002918  84.9117 305.5752 15.18253035331027
SKYSAT-1                
1 39418U 13066C   19292.88685959  .00000056  00000-0  95225-5 0  9991
2 39418  97.6432  12.4111 0020669 292.3236  67.5796 14.98864480323097
DUBAISAT-2              
1 39419U 13066D   19293.08494740  .00000090  00000-0  13642-4 0  9991
2 39419  97.5789 351.1972 0012464 297.8788  62.1125 14.94038237322136
GPM-CORE                
1 39574U 14009C   19292.88338197  .00002544  00000-0  41357-4 0  9991
2 39574  65.0066 253.2162 0010970 282.2761  77.7157 15.55462338320471
SENTINEL-1A             
1 39634U 14016A   19293.07036310 -.00000023  00000-0  47325-5 0  9993
2 39634  98.1820 298.5133 0001282  78.5129 281.6233 14.59198745295364
KAZEOSAT 1              
1 39731U 14024A   19293.12958248  .00000001  00000-0  13465-4 0  9991
2 39731  98.3454   6.9618 0001282  79.7087 280.4255 14.42050278288107
ALOS-2                  
1 39766U 14029A   19293.06184922 -.00000034  00000-0  23648-5 0  9999
2 39766  97.9234  28.1247 0001380  84.2112 275.9206 14.79471026292006
KAZEOSAT 2              
1 40010U 14033A   19293.05541825  .00000072  00000-0  15615-4 0  9991
2 40010  97.8240 189.5717 0017059  16.0195 344.1562 14.82077677288562
HODOYOSHI-4             
1 40011U 14033B   19293.08854833  .00000113  00000-0  21222-4 0  9998
2 40011  97.7994 183.0460 0027482  11.6130 348.5711 14.81134409288293
DEIMOS-2                
1 40013U 14033D   19293.07645170  .00000196  00000-0  29510-4 0  9990
2 40013  97.8287 195.0246 0002472  70.4466 289.7024 14.84574582289054
HODOYOSHI-3             
1 40015U 14033F   19293.13526602  .00000041  00000-0  12538-4 0  9998
2 40015  97.7674 172.3689 0037834  25.8630 334.4462 14.78553514287801
SPOT 7                  
1 40053U 14034A   19293.10065313 -.00000049  00000-0 -74305-6 0  9997
2 40053  98.2153 358.4340 0001307  70.8482 289.2862 14.58536939282494
SKYSAT-2                
1 40072U 14037D   19292.66939438  .00000079  00000-0  17738-4 0  9995
2 40072  98.4425  92.8641 0006403 178.8447 181.2780 14.81214239285455
WORLDVIEW-3 (WV-3)      
1 40115U 14048A   19293.08039853  .00000132  00000-0  21609-4 0  9996
2 40115  97.8035   9.3197 0001999  63.1374 297.0037 14.85036455280971
GAOFEN 2                
1 40118U 14049A   19293.19836494  .00000249  00000-0  39199-4 0  9990
2 40118  97.8622  10.6253 0006716 226.0014 133.9487 14.80621820279377
YAOGAN 21               
1 40143U 14053A   19293.09591616  .00000653  00000-0  30294-4 0  9992
2 40143  97.4717 356.4212 0018386  40.0170  47.2167 15.23507199284654
YAOGAN 22               
1 40275U 14063A   19293.00952363 -.00000045  00000-0  00000+0 0  9993
2 40275 100.4796  44.2609 0005513 287.8072  72.2431 13.15338190240021
ASNARO                  
1 40298U 14070A   19292.68611091  .00001389  00000-0  68571-4 0  9992
2 40298  97.4356  13.7842 0002162  81.6210  24.0375 15.19526898274629
HODOYOSHI-1             
1 40299U 14070B   19293.07224833  .00000460  00000-0  22171-4 0  9996
2 40299  97.3410  10.2214 0012199 335.4725 142.2810 15.23478336275050
QSAT-EOS                
1 40301U 14070D   19293.16388638  .00001315  00000-0  53212-4 0  9994
2 40301  97.3183   7.8825 0024749 325.8070  64.6007 15.26217303275122
YAOGAN 23               
1 40305U 14071A   19292.48959193 -.00015221  00000-0 -75047-3 0  9995
2 40305  97.4984 228.7281 0000848  86.1049  25.5907 15.17860167273027
YAOGAN 24               
1 40310U 14072A   19293.10376857  .00000012  00000-0  89428-5 0  9992
2 40310  97.8729  55.9006 0017141 179.8407 180.2808 14.76306406264924
CBERS 4                 
1 40336U 14079A   19293.13321371  .00000005  00000-0  17305-4 0  9997
2 40336  98.5929   1.2676 0001824  92.7359 267.4048 14.35396573255067
RESURS P2               
1 40360U 14087A   19293.12016662  .00000509  00000-0  18190-4 0  9998
2 40360  97.2561  21.5329 0008783 340.6405  71.5371 15.33245975269336
YAOGAN 26               
1 40362U 14088A   19293.12061230  .00000633  00000-0  29252-4 0  9991
2 40362  97.2776   3.8077 0008108 261.6364 119.5987 15.23648734268127
SMAP                    
1 40376U 15003A   19293.02001847  .00000018  00000-0  12489-4 0  9992
2 40376  98.1245 298.1230 0001757  54.5233 305.6134 14.63388040251915
KOMPSAT-3A              
1 40536U 15014A   19293.08486289  .00000595  00000-0  38435-4 0  9994
2 40536  97.5603 230.1292 0007752 254.1207 161.4078 15.12025886252241
SENTINEL-2A             
1 40697U 15028A   19293.07468437  .00000008  00000-0  19673-4 0  9993
2 40697  98.5697   5.7687 0001156  81.9680 278.1639 14.30817139225945
GAOFEN 8                
1 40701U 15030A   19293.09980502  .00000809  00000-0  36789-4 0  9992
2 40701  97.4485  52.0372 0008968 276.0781 202.7688 15.23591519240495
CARBONITE 1 (CBNT-1)    
1 40718U 15032D   19293.05619640  .00000114  00000-0  24440-4 0  9990
2 40718  97.8660 176.2226 0015496 271.2019  88.7423 14.74733818230239
YAOGAN 27               
1 40878U 15040A   19293.07214138 -.00000043  00000-0  00000+0 0  9994
2 40878 100.2737 343.8945 0008814  60.7065 299.4925 13.15963209199266
GAOFEN 9                
1 40894U 15047A   19293.07316713  .00000022  00000-0  10483-4 0  9998
2 40894  97.9106  12.6950 0034896 106.3450 254.1609 14.76300012220860
LAPAN-A2                
1 40931U 15052B   19292.20985885  .00000494  00000-0 -20270-4 0  9991
2 40931   6.0043 262.9338 0012634  88.9496 271.2511 14.76615781219406
YAOGAN 28               
1 41026U 15064A   19293.10979522  .00000554  00000-0  26068-4 0  9998
2 41026  97.4245  61.9846 0000811 129.8625 342.1306 15.23606976220348
YAOGAN 29               
1 41038U 15069A   19293.07942132  .00000019  00000-0  93087-5 0  9991
2 41038  97.9884 276.7888 0001273  37.3465 322.7840 14.80421447210565
KENT RIDGE 1            
1 41167U 15077B   19292.70754630  .00000775  00000-0  72716-5 0  9991
2 41167  14.9758  83.6230 0010816 272.1209 272.8339 15.09073509212206
TELEOS 1                
1 41169U 15077D   19292.17730324  .00001140  00000-0  28177-4 0  9996
2 41169  14.9776  75.7457 0010232 282.0207  70.1451 15.10334041212220
GAOFEN 4                
1 41194U 15083A   19293.19291334 -.00000336  00000-0  00000+0 0  9994
2 41194   0.0672 113.2198 0004481 106.1802 344.1917  1.00270944 14108
JASON-3                 
1 41240U 16002A   19292.31723949 -.00000054  00000-0  28426-4 0  9997
2 41240  66.0391 148.0805 0007639 268.1457  91.8683 12.80930584175549
SENTINEL-3A             
1 41335U 16011A   19293.11243328  .00000002  00000-0  18883-4 0  9997
2 41335  98.6255 358.3127 0001227 107.8388 252.2926 14.26737290191267
SENTINEL-1B             
1 41456U 16025A   19293.03559531 -.00000020  00000-0  55621-5 0  9996
2 41456  98.1820 298.3051 0001319  83.9301 276.2053 14.59198487185528
ZIYUAN 3-2 (ZY 3-2)     
1 41556U 16033A   19293.12072733  .00000524  00000-0  26409-4 0  9999
2 41556  97.3887   8.1421 0003739 114.5459 329.2706 15.21388930188222
NUSAT-1 (FRESCO)        
1 41557U 16033B   19293.21508008  .00001212  00000-0  47820-4 0  9994
2 41557  97.4145  19.9904 0012783 215.7933 144.2451 15.27452419188948
NUSAT-2 (BATATA)        
1 41558U 16033C   19293.16088402  .00001224  00000-0  45593-4 0  9998
2 41558  97.4178  21.3874 0011839 215.1966 144.8493 15.29367511189009
CARTOSAT-2C             
1 41599U 16040A   19293.10188520  .00000207  00000-0  13080-4 0  9993
2 41599  97.4851 350.3766 0013245 336.6911  52.7015 15.19231663184457
SKYSAT-C1               
1 41601U 16040C   19293.10158729  .00000400  00000-0  19705-4 0  9990
2 41601  97.3851   9.9778 0002472  94.1805 356.3878 15.23437651184852
LAPAN-A3                
1 41603U 16040E   19293.10046323  .00000011  00000-0  36755-5 0  9991
2 41603  97.3465 348.6737 0012795 334.4646 111.3111 15.19752665184483
BIROS                   
1 41604U 16040F   19292.88925466  .00000343  00000-0  18132-4 0  9996
2 41604  97.3506 351.4595 0011169 319.5441  40.4964 15.21810497184631
GAOFEN 3                
1 41727U 16049A   19293.10624502 -.00000029  00000-0  42642-5 0  9990
2 41727  98.4145 299.0850 0001259  53.1091 307.0216 14.42215699168088
SKYSAT-C4               
1 41771U 16058B   19292.38567165  .00000416  00000-0  20377-4 0  9998
2 41771  97.3896   1.7471 0002024  90.1200 270.0268 15.23447656171685
SKYSAT-C5               
1 41772U 16058C   19293.07817266  .00000377  00000-0  18736-4 0  9998
2 41772  97.3883   1.9478 0001976  71.6850  12.3281 15.23477138171782
SKYSAT-C2               
1 41773U 16058D   19292.82425849  .00000428  00000-0  20849-4 0  9998
2 41773  97.3918   2.3613 0001501  94.9152 265.2257 15.23504722171754
SKYSAT-C3               
1 41774U 16058E   19292.76877478  .00000390  00000-0  19299-4 0  9996
2 41774  97.3929   2.3353 0001737  87.6843 272.4592 15.23456816171746
ALSAT 1B                
1 41785U 16059C   19293.10899219  .00000003  00000-0  98116-5 0  9992
2 41785  98.0510 350.2983 0031223 355.7679   4.3264 14.63329946163605
PATHFINDER 1            
1 41787U 16059E   19293.14639167  .00000031  00000-0  15076-4 0  9996
2 41787  98.0535 351.1164 0030726 353.6562   6.4260 14.63690119163646
SCATSAT 1               
1 41790U 16059H   19293.09558782  .00000009  00000-0  13331-4 0  9994
2 41790  98.1965 335.1222 0004796 314.7907  45.2904 14.50890821162221
WORLDVIEW-4 (WV-4)      
1 41848U 16067A   19290.61724380  .00003042  00000-0  10000-3 0  9990
2 41848  97.8527  15.9272 0034450 110.2265 250.2435 15.31848374159295
GOKTURK 1A              
1 41875U 16073A   19293.00871025  .00000034  00000-0  15798-4 0  9990
2 41875  98.1172 185.6664 0001320  71.5553 288.5794 14.62790833153266
RESOURCESAT-2A          
1 41877U 16074A   19293.11130803 -.00000012  00000-0  14255-4 0  9991
2 41877  98.6234   3.2360 0001269  68.7083 291.4236 14.21674427148755
CARTOSAT-2D             
1 41948U 17008A   19292.80172633  .00000439  00000-0  24009-4 0  9990
2 41948  97.3810 350.4943 0008948 110.3032 249.9143 15.19254691148270
SENTINEL-2B             
1 42063U 17013A   19293.03969271 -.00000001  00000-0  16100-4 0  9992
2 42063  98.5686   5.7350 0000996  90.2261 269.9041 14.30817746136858
ZHUHAI-1 02 (CAS 4B)    
1 42759U 17034B   19293.13687005  .00000204  00000-0  25994-4 0  9995
2 42759  43.0192 272.7543 0012703 307.8829 152.3783 15.09657687129496
NUSAT-3 (MILANESAT)     
1 42760U 17034C   19293.11145130  .00000143  00000-0  22025-4 0  9997
2 42760  43.0177 272.4895 0010995 323.1998 129.7659 15.10105232129505
ZHUHAI-1 01 (CAS 4A)    
1 42761U 17034D   19293.09098256  .00000161  00000-0  23329-4 0  9999
2 42761  43.0187 272.4637 0013052 308.8903 136.7387 15.09735092129488
CARTOSAT-2E             
1 42767U 17036C   19293.21221043  .00000390  00000-0  21745-4 0  9997
2 42767  97.4592 350.5751 0008799 152.6778 207.4922 15.19248585128903
FORMOSAT-5              
1 42920U 17049A   19292.85556366 -.00000045  00000-0 -28118-7 0  9993
2 42920  98.3221   9.8223 0010470 357.6163   2.4972 14.50843145113982
SENTINEL-5P             
1 42969U 17064A   19292.84245301 -.00000011  00000-0  15646-4 0  9997
2 42969  98.7075 230.5685 0001068  80.8079 279.3217 14.19543995104471
SKYSAT-C11              
1 42987U 17068A   19293.16297935  .00000493  00000-0  24689-4 0  9997
2 42987  97.4428  45.4004 0009715 136.6641 223.5361 15.21949147109175
SKYSAT-C10              
1 42988U 17068B   19292.56213611  .00000435  00000-0  22172-4 0  9991
2 42988  97.4425  44.6853 0003992 147.0325 213.1160 15.21896094109086
SKYSAT-C9               
1 42989U 17068C   19293.10877891  .00001202  00000-0  36361-4 0  9997
2 42989  97.2685  45.6591 0002819  90.8423 269.3144 15.36158044109205
SKYSAT-C8               
1 42990U 17068D   19293.13349175  .00000059  00000-0  56436-5 0  9996
2 42990  97.4455  45.6566 0003181 166.2682 193.8641 15.21734076109183
SKYSAT-C7               
1 42991U 17068E   19293.12387583  .00000477  00000-0  24021-4 0  9999
2 42991  97.4448  45.6450 0004885 195.8133 164.2951 15.21878207109180
SKYSAT-C6               
1 42992U 17068F   19293.17755515  .00000500  00000-0  25037-4 0  9994
2 42992  97.4451  45.8995 0009971 264.7427  95.2671 15.21882210109208
CARTOSAT-2F             
1 43111U 18004A   19293.12466848  .00000338  00000-0  19238-4 0  9997
2 43111  97.4203 352.6224 0004509 162.1055 228.4345 15.19244210 98070
MICROSAT-TD             
1 43128U 18004T   19293.09219514  .00017026  00000-0  13077-3 0  9993
2 43128  96.7910 346.2725 0006123  11.6983 348.4423 15.72088521101381
NUSAT-4 (ADA)           
1 43195U 18015D   19293.09080442  .00000975  00000-0  43115-4 0  9997
2 43195  97.4120  59.0460 0016567 223.4015 246.5970 15.23980564 95126
NUSAT-5 (MARYAM)        
1 43204U 18015K   19293.11313836  .00001041  00000-0  45581-4 0  9991
2 43204  97.4122  59.1880 0015792 226.1646 251.7546 15.24183477 94737
GAOFEN 1-02             
1 43259U 18031A   19293.11784342  .00000030  00000-0  11679-4 0  9991
2 43259  97.9888   9.4807 0003264 239.9157 120.1750 14.76431285 83810
GAOFEN 1-03             
1 43260U 18031B   19293.09528013  .00000038  00000-0  12733-4 0  9991
2 43260  97.9883   9.4793 0004611 339.7987  20.3042 14.76433393 83804
GAOFEN 1-04             
1 43262U 18031D   19293.07258960  .00000050  00000-0  14455-4 0  9999
2 43262  97.9890   9.4060 0002643 257.7125 102.3794 14.76426171 83796
SENTINEL-3B             
1 43437U 18039A   19292.80438817 -.00000000  00000-0  17956-4 0  9997
2 43437  98.6337 357.9234 0001275 119.0989 241.0319 14.26732798 77287
GAOFEN 5                
1 43461U 18043A   19293.08009559 -.00000004  00000-0  90650-5 0  9994
2 43461  98.1708 229.0698 0003058  71.8778 288.2758 14.57746472 77138
GAOFEN 6                
1 43484U 18048A   19293.10531121  .00000028  00000-0  11385-4 0  9994
2 43484  98.0095  10.2932 0010956  91.5383 268.7086 14.76475724 74503
GAOFEN 11               
1 43585U 18063A   19293.12072730  .00000539  00000-0  25471-4 0  9999
2 43585  97.4056  11.2752 0017263 349.7817  96.6816 15.23527773 68499
AEOLUS                  
1 43600U 18066A   19293.15394567  .00020398  00000-0  81244-4 0  9993
2 43600  96.7202 298.1588 0006832  86.8895 339.2086 15.86627669 67106
ICESAT-2                
1 43613U 18070A   19293.13737539  .00001125  00000-0  40683-4 0  9999
2 43613  92.0023 356.3904 0002888 101.3968 258.7606 15.28264972 61039
HYSIS                   
1 43719U 18096A   19293.10938000  .00000099  00000-0  20576-4 0  9995
2 43719  97.9360 359.1681 0009253 292.0742  67.9487 14.78673394 48003
KAZSTSAT                
1 43783U 18099AB  19292.87285776  .00000303  00000-0  34102-4 0  9995
2 43783  97.7478   3.1026 0007248 267.2757  92.7633 14.93612252 47778
SAUDISAT 5A             
1 43831U 18102A   19293.10692858  .00000783  00000-0  55063-4 0  9995
2 43831  97.5953   7.3554 0013270 262.4080 188.3193 15.07939922 47762
SAUDISAT 5B             
1 43833U 18102C   19293.08608892  .00000202  00000-0  17088-4 0  9990
2 43833  97.5962   7.5419 0013770 270.6279 205.8375 15.08378092 47765