DMSP 5D-2 F14 (USA 131) 
1 24753U 97012A   19292.91217441  .00000021  00000-0  34203-4 0  9991
2 24753  99.0320 301.4858 0008982 163.9718 196.1741 14.15869265164037
NOAA 15                 
1 25338U 98030A   19292.91479946  .00000012  00000-0  23871-4 0  9991
2 25338  98.7404 313.9219 0009494 242.1282 117.8937 14.25935358114557
DMSP 5D-3 F15 (USA 147) 
1 25991U 99067A   19292.92827321 -.00000104  00000-0 -29578-4 0  9996
2 25991  98.9341 257.9026 0010827  68.8624 307.7635 14.16512351 26238
METEOSAT-8 (MSG-1)      
1 27509U 02040B   19292.93650544  .00000141  00000-0  00000-0 0  9994
2 27509   6.3012  55.0702 0000712 198.2254 153.3078  1.00273374 62852
DMSP 5D-3 F16 (USA 172) 
1 28054U 03048A   19292.94608184 -.00000029  00000-0  79216-5 0  9999
2 28054  98.8811 268.2305 0007301 180.8649 199.0050 14.13675908825664
NOAA 18                 
1 28654U 05018A   19292.89490646  .00000051  00000-0  52502-4 0  9992
2 28654  99.0818 341.6273 0014264 187.5655 172.5303 14.12459931742814
METEOSAT-9 (MSG-2)      
1 28912U 05049B   19292.71353041  .00000020  00000-0  00000-0 0  9999
2 28912   3.9146  70.8735 0001236 136.2192  80.9771  1.00273072 50642
HIMAWARI-7 (MTSAT-2)    
1 28937U 06004A   19292.96698705 -.00000243  00000-0  00000+0 0  9991
2 28937   0.0614 270.4725 0003695 298.3766 312.4727  1.00270207 49966
FORMOSAT-3 FM6          
1 29047U 06011A   19292.99013991  .00000019  00000-0  23688-4 0  9995
2 29047  71.9781 242.8079 0048404 119.3945 241.2037 14.28698612706853
FORMOSAT-3 FM1          
1 29048U 06011B   19292.86292179  .00000074  00000-0  45418-4 0  9995
2 29048  71.9655 154.2698 0042103  75.2059 285.3736 14.28657976709309
FORMOSAT-3 FM5          
1 29049U 06011C   19293.08751056  .00000063  00000-0  41226-4 0  9996
2 29049  72.0201 324.0847 0032875 105.4486 255.0286 14.28742344705121
FORMOSAT-3 FM3          
1 29050U 06011D   19292.70893360  .00000130  00000-0  37783-4 0  9999
2 29050  72.0140 135.6462 0048773  42.5154 317.9759 14.58843210721174
FORMOSAT-3 FM4          
1 29051U 06011E   19292.46229281  .00000106  00000-0  57216-4 0  9994
2 29051  72.0057 227.8699 0069043 341.6452  18.2193 14.28769487707622
FORMOSAT-3 FM2          
1 29052U 06011F   19293.03938407  .00000053  00000-0  37026-4 0  9994
2 29052  72.0332 300.1811 0038192  63.0881 297.4150 14.28869437706036
GOES 13                 
1 29155U 06018A   19292.82135403  .00000032  00000-0  00000-0 0  9991
2 29155   0.0866  81.0220 0009072 167.6448 258.9631  0.99994518 18985
METOP-A                 
1 29499U 06044A   19292.86827719 -.00000012  00000-0  14171-4 0  9990
2 29499  98.5606 342.4727 0000742 123.0496 325.3063 14.21485777674382
DMSP 5D-3 F17 (USA 191) 
1 29522U 06050A   19292.91054544  .00000023  00000-0  35105-4 0  9999
2 29522  98.8165 307.7862 0010732 140.3377 219.8583 14.14005153668572
FENGYUN 3A              
1 32958U 08026A   19293.06539881 -.00000033  00000-0  36109-5 0  9998
2 32958  98.3870 286.5893 0008179 324.1991  35.8635 14.18609375590603
FENGYUN 2E              
1 33463U 08066A   19292.87378282 -.00000202  00000-0  00000+0 0  9991
2 33463   3.8434  69.0260 0003888 268.6980  91.5938  1.00276152 39700
NOAA 19                 
1 33591U 09005A   19292.81254886 -.00000019  00000-0  15170-4 0  9999
2 33591  99.1890 286.9659 0014565  36.5518 323.6644 14.12380150551029
GOES 14                 
1 35491U 09033A   19292.62027519 -.00000094  00000-0  00000-0 0  9996
2 35491   0.2780 279.2276 0012880 302.1884 285.5209  1.00272431 37721
METEOR-M 1              
1 35865U 09049A   19293.06885165  .00000021  00000-0  28206-4 0  9997
2 35865  98.4204 285.6582 0002653 149.2897 210.8437 14.22211228523615
DMSP 5D-3 F18 (USA 210) 
1 35951U 09057A   19292.89955582  .00000030  00000-0  38578-4 0  9996
2 35951  98.6281 286.1718 0010802 344.1366  15.9468 14.13225261289560
GOES 15                 
1 36411U 10008A   19292.68735963  .00000056  00000-0  00000-0 0  9995
2 36411   0.2855 278.0330 0002486 259.1191 330.0098  1.00264627 35287
COMS 1                  
1 36744U 10032A   19292.89146524 -.00000344  00000-0  00000-0 0  9994
2 36744   0.0352 106.0559 0000973 116.4646 254.6569  1.00272830 26704
FENGYUN 3B              
1 37214U 10059A   19293.10202785  .00000001  00000-0  23778-4 0  9993
2 37214  99.0148 266.5129 0016209 230.1068 129.8683 14.15927245463526
SUOMI NPP               
1 37849U 11061A   19292.84582509  .00000011  00000-0  25668-4 0  9997
2 37849  98.7092 229.3263 0000715  98.5313 290.6262 14.19554485413345
FENGYUN 2F              
1 38049U 12002A   19292.90396074 -.00000357  00000-0  00000-0 0  9996
2 38049   1.5118  83.1178 0001087 310.3297  72.0754  1.00280376 28508
METEOSAT-10 (MSG-3)     
1 38552U 12035B   19292.86687973  .00000061  00000-0  00000-0 0  9998
2 38552   1.0835 347.4267 0002082 238.6738 123.4055  1.00272396 26495
METOP-B                 
1 38771U 12049A   19292.89965278 -.00000015  00000-0  13344-4 0  9995
2 38771  98.7286 350.4452 0001205  44.3101 298.7134 14.21480986367702
FENGYUN 3C              
1 39260U 13052A   19293.15049383 -.00000027  00000-0  78355-5 0  9991
2 39260  98.5889 347.7232 0011106 183.7632 176.3461 14.15874449314470
METEOR-M 2              
1 40069U 14037A   19293.11185934 -.00000043  00000-0 -14259-6 0  9996
2 40069  98.5380 334.3525 0004544 261.3804  98.6859 14.20665473273948
HIMAWARI-8              
1 40267U 14060A   19292.88591115 -.00000275  00000-0  00000-0 0  9996
2 40267   0.0399 160.0202 0001098  70.9993 256.6855  1.00271551 18376
FENGYUN 2G              
1 40367U 14090A   19292.94802059 -.00000300  00000-0  00000+0 0  9997
2 40367   1.5108  98.3101 0002618 299.9243  70.4379  1.00282360 17655
METEOSAT-11 (MSG-4)     
1 40732U 15034A   19292.85651010 -.00000002  00000-0  00000-0 0  9991
2 40732   0.7932 249.0603 0000741 275.3687 172.2587  1.00264018 15654
ELEKTRO-L 2             
1 41105U 15074A   19292.94339708 -.00000097  00000-0  00000-0 0  9991
2 41105   0.6297 102.2765 0000912  83.6275 257.8587  1.00273283 14130
HIMAWARI-9              
1 41836U 16064A   19293.17169346 -.00000275  00000-0  00000+0 0  9994
2 41836   0.0393  57.4516 0000685 156.1066  17.3933  1.00273022 10915
GOES 16                 
1 41866U 16071A   19293.13818103 -.00000249  00000-0  00000+0 0  9994
2 41866   0.0192  45.2119 0000768 216.4091 101.2665  1.00271424 10727
FENGYUN 4A              
1 41882U 16077A   19292.90257918 -.00000330  00000-0  00000-0 0  9995
2 41882   0.2198 287.1058 0002622 145.7723  24.7690  1.00265912 10596
CYGFM05                 
1 41884U 16078A   19292.76238389  .00000272  00000-0  16201-4 0  9991
2 41884  34.9557 121.0984 0015112  45.0578 315.1357 15.14467874157447
CYGFM04                 
1 41885U 16078B   19292.87987283  .00000293  00000-0  17083-4 0  9990
2 41885  34.9490 114.8649 0013395  54.1414 306.0539 15.14973111157518
CYGFM02                 
1 41886U 16078C   19292.87283914  .00000292  00000-0  17025-4 0  9996
2 41886  34.9581 116.4752 0014200  50.7629 309.4341 15.14975737157502
CYGFM01                 
1 41887U 16078D   19292.83313532  .00000281  00000-0  16760-4 0  9996
2 41887  34.9525 121.4256 0015526  46.9091 313.2917 15.14282931157440
CYGFM08                 
1 41888U 16078E   19292.89100271  .00000516  00000-0  28973-4 0  9997
2 41888  34.9495 117.8597 0014677  52.6528 307.5519 15.14694136157470
CYGFM06                 
1 41889U 16078F   19292.91641601  .00000301  00000-0  17521-4 0  9997
2 41889  34.9575 114.8858 0013151  50.8591 309.3287 15.14966468157510
CYGFM07                 
1 41890U 16078G   19292.89480818  .00000291  00000-0  16994-4 0  9998
2 41890  34.9513 114.2258 0012865  53.4576 306.7319 15.14965156157515
CYGFM03                 
1 41891U 16078H   19292.88970338  .00000288  00000-0  16817-4 0  9999
2 41891  34.9545 114.4364 0012376  52.2611 307.9220 15.14964926157513
FENGYUN 3D              
1 43010U 17072A   19293.13091342 -.00000002  00000-0  19495-4 0  9997
2 43010  98.7225 230.5416 0002391  62.9609 297.1812 14.19728554 99959
NOAA 20                 
1 43013U 17073A   19292.87487725  .00000018  00000-0  29076-4 0  9997
2 43013  98.7292 229.2005 0000869  67.5036 292.6232 14.19545894 99385
GOES 17                 
1 43226U 18022A   19293.15418324  .00000096  00000-0  00000+0 0  9996
2 43226   0.0359  41.9108 0000408 201.5239  63.2281  1.00271174  6048
FENGYUN 2H              
1 43491U 18050A   19293.08759804 -.00000130  00000-0  00000+0 0  9994
2 43491   1.2306 279.8790 0002931 244.6957 334.4220  1.00274430  5126
METOP-C                 
1 43689U 18087A   19292.80928387 -.00000044  00000-0  00000-0 0  9991
2 43689  98.6902 350.6659 0001908 358.2726   1.8426 14.21496597 49261
GEO-KOMPSAT-2A          
1 43823U 18100A   19292.89146524 -.00000344  00000-0  00000-0 0  9994
2 43823   0.0445  54.9723 0001208  81.9936 340.3201  1.00272695  3235
METEOR-M2 2             
1 44387U 19038A   19293.15001140 -.00000025  00000-0  78774-5 0  9999
2 44387  98.5837 253.4861 0002545 114.0553 246.0892 14.23334872 15208